Date,Open,High,Low,Close,Adj Close,Volume,Symbol,Name,Industry,RS,150MA,MA150_Slope
2021-03-04,19.0,19.23,18.809999,18.969999,15.418281,491200,GSBD,Goldman Sachs BDC Inc,은행,,,
2021-03-05,19.129999,19.23,18.32,18.73,15.223218,259200,GSBD,Goldman Sachs BDC Inc,은행,,,
2021-03-08,18.75,18.93,18.540001,18.9,15.36139,413600,GSBD,Goldman Sachs BDC Inc,은행,,,
2021-03-09,18.9,19.0,18.73,18.780001,15.263856,247700,GSBD,Goldman Sachs BDC Inc,은행,,,
2021-03-10,18.950001,19.280001,18.83,19.120001,15.540198,417500,GSBD,Goldman Sachs BDC Inc,은행,,,
2021-03-11,19.280001,19.35,19.030001,19.299999,15.686496,221800,GSBD,Goldman Sachs BDC Inc,은행,,,
2021-03-12,19.299999,19.52,19.23,19.41,15.775903,378400,GSBD,Goldman Sachs BDC Inc,은행,,,
2021-03-15,19.67,19.969999,19.620001,19.9,16.17416,434200,GSBD,Goldman Sachs BDC Inc,은행,,,
2021-03-16,19.889999,19.940001,19.549999,19.84,16.125393,312400,GSBD,Goldman Sachs BDC Inc,은행,,,
2021-03-17,19.940001,20.209999,19.85,20.1,16.336716,243600,GSBD,Goldman Sachs BDC Inc,은행,,,
2021-03-18,20.1,20.125,19.709999,19.83,16.117268,339200,GSBD,Goldman Sachs BDC Inc,은행,,,
2021-03-19,19.780001,20.110001,19.709999,20.110001,16.344845,604800,GSBD,Goldman Sachs BDC Inc,은행,,,
2021-03-22,20.23,20.440001,20.02,20.26,16.466759,386000,GSBD,Goldman Sachs BDC Inc,은행,,,
2021-03-23,20.219999,20.440001,19.9,19.959999,16.222927,272200,GSBD,Goldman Sachs BDC Inc,은행,,,
2021-03-24,20.0,20.33,19.68,19.709999,16.01973,456700,GSBD,Goldman Sachs BDC Inc,은행,,,
2021-03-25,19.709999,19.969999,19.51,19.92,16.190414,395900,GSBD,Goldman Sachs BDC Inc,은행,,,
2021-03-26,19.959999,20.139999,19.879999,20.049999,16.296074,300100,GSBD,Goldman Sachs BDC Inc,은행,,,
2021-03-29,20.0,20.129999,19.799999,19.85,16.133524,631200,GSBD,Goldman Sachs BDC Inc,은행,,,
2021-03-30,19.41,19.59,19.27,19.52,16.233318,214600,GSBD,Goldman Sachs BDC Inc,은행,,,
2021-03-31,19.5,19.629999,19.33,19.33,16.075308,407300,GSBD,Goldman Sachs BDC Inc,은행,-2.648599028086185,,
2021-04-01,19.469999,19.719999,19.360001,19.719999,16.399641,247900,GSBD,Goldman Sachs BDC Inc,은행,-1.7190617839096367,,
2021-04-05,19.75,19.819,19.6,19.780001,16.449539,316100,GSBD,Goldman Sachs BDC Inc,은행,-2.79911588118118,,
2021-04-06,19.870001,19.98,19.719999,19.98,16.615864,315000,GSBD,Goldman Sachs BDC Inc,은행,-1.6796880833245043,,
2021-04-07,20.0,20.200001,19.889999,20.15,16.757238,322600,GSBD,Goldman Sachs BDC Inc,은행,-1.0812915637413045,,
2021-04-08,20.120001,20.35,20.0,20.280001,16.865355,242600,GSBD,Goldman Sachs BDC Inc,은행,-0.906877353081037,,
2021-04-09,20.25,20.559999,20.25,20.52,17.064941,336900,GSBD,Goldman Sachs BDC Inc,은행,-0.5726330054920403,,
2021-04-12,20.48,20.639999,20.120001,20.33,16.906931,427400,GSBD,Goldman Sachs BDC Inc,은행,-1.4765904538428298,,
2021-04-13,20.280001,20.280001,19.24,19.389999,16.125206,1413100,GSBD,Goldman Sachs BDC Inc,은행,-6.028378105222121,,
2021-04-14,19.5,19.620001,19.110001,19.389999,16.125206,827300,GSBD,Goldman Sachs BDC Inc,은행,-5.352312034807083,,
2021-04-15,19.4,19.59,19.18,19.4,16.133524,431200,GSBD,Goldman Sachs BDC Inc,은행,-5.958270969354917,,
2021-04-16,19.549999,19.559999,19.17,19.35,16.091942,519000,GSBD,Goldman Sachs BDC Inc,은행,-6.119062626730775,,
2021-04-19,19.379999,19.57,19.18,19.33,16.075308,658900,GSBD,Goldman Sachs BDC Inc,은행,-5.238399531293236,,
2021-04-20,19.299999,19.5,19.17,19.280001,16.033726,307500,GSBD,Goldman Sachs BDC Inc,은행,-4.369055942829969,,
2021-04-21,19.280001,19.73,19.209999,19.700001,16.383011,464700,GSBD,Goldman Sachs BDC Inc,은행,-2.8041826555667893,,
2021-04-22,19.83,19.83,19.4,19.48,16.20005,418500,GSBD,Goldman Sachs BDC Inc,은행,-2.638373381686132,,
2021-04-23,19.549999,19.555,19.32,19.379999,16.116888,443200,GSBD,Goldman Sachs BDC Inc,은행,-3.7286146545136067,,
2021-04-26,19.440001,19.6,19.34,19.530001,16.241636,459700,GSBD,Goldman Sachs BDC Inc,은행,-2.771597568037565,,
2021-04-27,19.66,19.719999,19.530001,19.719999,16.399641,483700,GSBD,Goldman Sachs BDC Inc,은행,-1.5084187299445162,,
2021-04-28,19.75,19.780001,19.6,19.75,16.424589,347100,GSBD,Goldman Sachs BDC Inc,은행,-1.0580612750749285,,
2021-04-29,19.75,19.799999,19.621,19.790001,16.457857,396300,GSBD,Goldman Sachs BDC Inc,은행,-1.3516380385977023,,
2021-04-30,19.790001,19.799999,19.549999,19.58,16.283213,230300,GSBD,Goldman Sachs BDC Inc,은행,-1.4607624740769265,,
2021-05-03,19.68,19.799999,19.41,19.450001,16.175104,606600,GSBD,Goldman Sachs BDC Inc,은행,-2.165593833288715,,
2021-05-04,19.469999,19.540001,19.219999,19.4,16.133524,592100,GSBD,Goldman Sachs BDC Inc,은행,-1.5054312267751335,,
2021-05-05,19.49,19.67,19.299999,19.629999,16.324793,311900,GSBD,Goldman Sachs BDC Inc,은행,-0.16646990215776203,,
2021-05-06,19.67,19.719,19.370001,19.6,16.299847,278600,GSBD,Goldman Sachs BDC Inc,은행,-0.8269639493991066,,
2021-05-07,19.6,19.82,19.575001,19.68,16.366379,455600,GSBD,Goldman Sachs BDC Inc,은행,-0.8132750157228696,,
2021-05-10,19.99,20.059999,19.58,19.700001,16.383011,732400,GSBD,Goldman Sachs BDC Inc,은행,0.5721721687633741,,
2021-05-11,19.59,19.780001,19.469999,19.68,16.366379,436400,GSBD,Goldman Sachs BDC Inc,은행,1.286356708973857,,
2021-05-12,19.68,19.698999,18.879999,18.9,15.71771,742700,GSBD,Goldman Sachs BDC Inc,은행,-0.5434893593733503,,
2021-05-13,19.0,19.450001,19.0,19.4,16.176317,346300,GSBD,Goldman Sachs BDC Inc,은행,0.7892627576384426,,
2021-05-14,19.41,19.5,19.200001,19.299999,16.092934,565300,GSBD,Goldman Sachs BDC Inc,은행,-1.2050483412413548,,
2021-05-17,19.299999,19.579,19.299999,19.540001,16.293053,368400,GSBD,Goldman Sachs BDC Inc,은행,0.22323751110107093,,
2021-05-18,19.58,19.915001,19.49,19.51,16.26804,339000,GSBD,Goldman Sachs BDC Inc,은행,0.8603483516408383,,
2021-05-19,19.35,19.67,19.315001,19.58,16.326405,316800,GSBD,Goldman Sachs BDC Inc,은행,1.4809097808048621,,
2021-05-20,19.58,19.700001,19.42,19.51,16.26804,314700,GSBD,Goldman Sachs BDC Inc,은행,0.08346753109447214,,
2021-05-21,19.530001,19.59,19.25,19.26,16.05958,718200,GSBD,Goldman Sachs BDC Inc,은행,-1.1196360273782346,,
2021-05-24,19.35,19.360001,19.200001,19.32,16.10961,435600,GSBD,Goldman Sachs BDC Inc,은행,-1.7215899571638715,,
2021-05-25,19.32,19.48,19.209999,19.209999,16.017889,329700,GSBD,Goldman Sachs BDC Inc,은행,-1.943904482215264,,
2021-05-26,19.35,19.483999,19.290001,19.32,16.10961,404000,GSBD,Goldman Sachs BDC Inc,은행,-1.444010168255061,,
2021-05-27,19.34,19.48,19.27,19.4,16.176317,488200,GSBD,Goldman Sachs BDC Inc,은행,-1.065343985807543,,
2021-05-28,19.35,19.5,19.299999,19.450001,16.218008,503100,GSBD,Goldman Sachs BDC Inc,은행,-0.8265657447429353,,
2021-06-01,19.52,19.84,19.459999,19.74,16.459818,444000,GSBD,Goldman Sachs BDC Inc,은행,0.63841396624984,,
2021-06-02,19.85,20.0,19.74,19.93,16.618248,461000,GSBD,Goldman Sachs BDC Inc,은행,1.3757421871161135,,
2021-06-03,19.799999,19.9,19.65,19.9,16.593229,410800,GSBD,Goldman Sachs BDC Inc,은행,1.5526433655011607,,
2021-06-04,19.9,20.09,19.809999,20.08,16.74332,422500,GSBD,Goldman Sachs BDC Inc,은행,1.4845407385636111,,
2021-06-07,20.17,20.34,20.110001,20.15,16.801689,597000,GSBD,Goldman Sachs BDC Inc,은행,1.7912539889583856,,
2021-06-08,20.25,20.33,20.15,20.290001,16.918428,381800,GSBD,Goldman Sachs BDC Inc,은행,2.375236918693835,,
2021-06-09,20.299999,20.32,20.16,20.200001,16.843386,262500,GSBD,Goldman Sachs BDC Inc,은행,2.0556972097925064,,
2021-06-10,20.24,20.264999,19.924999,20.08,16.74332,530100,GSBD,Goldman Sachs BDC Inc,은행,0.8881502614373815,,
2021-06-11,20.1,20.325001,19.959999,20.299999,16.926764,329200,GSBD,Goldman Sachs BDC Inc,은행,1.7279585770406891,,
2021-06-14,20.299999,20.360001,20.16,20.360001,16.976795,302800,GSBD,Goldman Sachs BDC Inc,은행,1.669827554957215,,
2021-06-15,20.379999,20.4,20.059999,20.23,16.868395,401500,GSBD,Goldman Sachs BDC Inc,은행,1.1486119237709813,,
2021-06-16,20.200001,20.299999,20.15,20.26,16.89341,270600,GSBD,Goldman Sachs BDC Inc,은행,1.7716392781477852,,
2021-06-17,20.25,20.287001,19.92,20.049999,16.718304,432200,GSBD,Goldman Sachs BDC Inc,은행,0.7695467519391208,,
2021-06-18,20.049999,20.110001,19.767,19.870001,16.568216,533200,GSBD,Goldman Sachs BDC Inc,은행,1.109162995774171,,
2021-06-21,19.940001,20.280001,19.93,20.209999,16.851717,318900,GSBD,Goldman Sachs BDC Inc,은행,1.258949151051425,,
2021-06-22,20.26,20.334999,20.08,20.25,16.885073,287900,GSBD,Goldman Sachs BDC Inc,은행,0.7656227761915657,,
2021-06-23,20.280001,20.5,20.26,20.360001,16.976795,402700,GSBD,Goldman Sachs BDC Inc,은행,1.1951016602016473,,
2021-06-24,20.440001,20.52,20.299999,20.51,17.101868,448900,GSBD,Goldman Sachs BDC Inc,은행,1.1354131941038403,,
2021-06-25,20.51,20.653,20.32,20.35,16.968454,640400,GSBD,Goldman Sachs BDC Inc,은행,-0.1293360198025728,,
2021-06-28,20.34,20.34,19.98,20.15,16.801689,861600,GSBD,Goldman Sachs BDC Inc,은행,-1.4116248374924645,,
2021-06-29,19.809999,19.940001,19.540001,19.58,16.699345,506900,GSBD,Goldman Sachs BDC Inc,은행,-4.090600520488385,,
2021-06-30,19.620001,19.709999,19.549999,19.6,16.716402,371000,GSBD,Goldman Sachs BDC Inc,은행,-3.9429892697933733,,
2021-07-01,19.799999,19.799999,19.440001,19.469999,16.605528,361300,GSBD,Goldman Sachs BDC Inc,은행,-4.83608450438775,,
2021-07-02,19.530001,20.040001,19.450001,19.879999,16.955208,748600,GSBD,Goldman Sachs BDC Inc,은행,-3.3723370016437992,,
2021-07-06,19.83,20.0,19.68,19.700001,16.801691,436800,GSBD,Goldman Sachs BDC Inc,은행,-3.8171620629732894,,
2021-07-07,19.700001,19.82,19.450001,19.52,16.648172,402900,GSBD,Goldman Sachs BDC Inc,은행,-4.690831400920292,,
2021-07-08,19.450001,19.555,19.16,19.51,16.639643,446200,GSBD,Goldman Sachs BDC Inc,은행,-3.638330570009729,,
2021-07-09,19.57,19.68,19.48,19.540001,16.66523,432200,GSBD,Goldman Sachs BDC Inc,은행,-4.295921570461337,,
2021-07-12,19.5,19.605,19.290001,19.5,16.631113,827800,GSBD,Goldman Sachs BDC Inc,은행,-4.4809825901534595,,
2021-07-13,19.5,19.5,19.08,19.24,16.409367,1066400,GSBD,Goldman Sachs BDC Inc,은행,-5.033145433201813,,
2021-07-14,19.389999,19.5,19.120001,19.18,16.358191,643700,GSBD,Goldman Sachs BDC Inc,은행,-5.051300616329724,,
2021-07-15,19.205,19.4,19.110001,19.219999,16.392307,406900,GSBD,Goldman Sachs BDC Inc,은행,-4.1386354009684485,,
2021-07-16,19.309999,19.309999,19.030001,19.129999,16.315548,721200,GSBD,Goldman Sachs BDC Inc,은행,-3.5184795450934225,,
2021-07-19,19.02,19.1,18.76,18.969999,16.179089,788600,GSBD,Goldman Sachs BDC Inc,은행,-2.4479498743028016,,
2021-07-20,19.0,19.219999,18.92,19.139999,16.324078,774800,GSBD,Goldman Sachs BDC Inc,은행,-2.6641593234226324,,
2021-07-21,19.200001,19.379999,19.129999,19.15,16.332607,362900,GSBD,Goldman Sachs BDC Inc,은행,-3.00938222606707,,
2021-07-22,19.15,19.15,19.01,19.02,16.221733,326000,GSBD,Goldman Sachs BDC Inc,은행,-3.3872511699174157,,
2021-07-23,19.08,19.190001,18.969999,18.969999,16.179089,299800,GSBD,Goldman Sachs BDC Inc,은행,-4.069104620759445,,
2021-07-26,19.0,19.072001,18.85,19.0,16.204676,517100,GSBD,Goldman Sachs BDC Inc,은행,-3.6540465035611147,,
2021-07-27,18.93,19.18,18.870001,19.1,16.289961,383300,GSBD,Goldman Sachs BDC Inc,은행,-2.297484243476422,,
2021-07-28,19.129999,19.299999,18.99,19.219999,16.392307,332100,GSBD,Goldman Sachs BDC Inc,은행,-1.4493941906456254,,
2021-07-29,19.389999,19.389999,19.09,19.17,16.349663,298000,GSBD,Goldman Sachs BDC Inc,은행,-1.8707508438566611,,
2021-07-30,19.16,19.299999,19.059999,19.08,16.272905,253400,GSBD,Goldman Sachs BDC Inc,은행,-1.6158962492900275,,
2021-08-02,19.120001,19.34,19.120001,19.24,16.409367,260300,GSBD,Goldman Sachs BDC Inc,은행,-0.40215120950729544,,
2021-08-03,19.32,19.33,19.1,19.27,16.434954,378800,GSBD,Goldman Sachs BDC Inc,은행,-0.8571665430618047,,
2021-08-04,19.25,19.295,19.110001,19.190001,16.366722,301100,GSBD,Goldman Sachs BDC Inc,은행,-0.6733544254975965,,
2021-08-05,19.290001,19.42,19.209999,19.360001,16.511709,498500,GSBD,Goldman Sachs BDC Inc,은행,-0.22764383401340238,,
2021-08-06,19.5,19.549999,19.190001,19.52,16.648172,776600,GSBD,Goldman Sachs BDC Inc,은행,0.5112767103341076,,
2021-08-09,19.58,19.65,19.389999,19.450001,16.58847,539500,GSBD,Goldman Sachs BDC Inc,은행,0.31285031743804037,,
2021-08-10,19.5,19.549999,19.344999,19.379999,16.528767,504100,GSBD,Goldman Sachs BDC Inc,은행,-0.10679481403625957,,
2021-08-11,19.4,19.48,19.25,19.4,16.545828,533900,GSBD,Goldman Sachs BDC Inc,은행,-0.11088786229977998,,
2021-08-12,19.4,19.41,19.27,19.4,16.545828,471000,GSBD,Goldman Sachs BDC Inc,은행,-0.45589008723596613,,
2021-08-13,19.360001,19.440001,19.26,19.280001,16.48597,545400,GSBD,Goldman Sachs BDC Inc,은행,-1.1106552277540982,,
2021-08-16,19.299999,19.389,19.07,19.219999,16.434664,483800,GSBD,Goldman Sachs BDC Inc,은행,-1.490791203072539,,
2021-08-17,19.1,19.254999,19.02,19.16,16.38336,508400,GSBD,Goldman Sachs BDC Inc,은행,-0.9636360583413661,,
2021-08-18,19.1,19.16,18.940001,18.959999,16.212343,445400,GSBD,Goldman Sachs BDC Inc,은행,-0.8360496493187264,,
2021-08-19,18.889999,18.919001,18.469999,18.6,15.904516,878700,GSBD,Goldman Sachs BDC Inc,은행,-2.691848129508756,,
2021-08-20,18.6,18.940001,18.57,18.860001,16.126835,440500,GSBD,Goldman Sachs BDC Inc,은행,-2.0678515703008493,,
2021-08-23,18.950001,19.01,18.77,18.969999,16.220894,380000,GSBD,Goldman Sachs BDC Inc,은행,-2.2597857601936777,,
2021-08-24,18.91,19.209999,18.91,19.15,16.374809,432200,GSBD,Goldman Sachs BDC Inc,은행,-1.3990972685344993,,
2021-08-25,19.200001,19.334999,19.16,19.209999,16.426117,443600,GSBD,Goldman Sachs BDC Inc,은행,-1.200826629966667,,
2021-08-26,19.08,19.190001,19.049999,19.07,16.306404,376900,GSBD,Goldman Sachs BDC Inc,은행,-1.2643320999719876,,
2021-08-27,19.16,19.25,19.08,19.200001,16.417562,274900,GSBD,Goldman Sachs BDC Inc,은행,-1.3641495534608472,,
2021-08-30,19.25,19.25,19.105,19.129999,16.357706,289100,GSBD,Goldman Sachs BDC Inc,은행,-1.9618630780546042,,
2021-08-31,19.15,19.174999,19.059999,19.059999,16.297852,411500,GSBD,Goldman Sachs BDC Inc,은행,-2.0268456471293828,,
2021-09-01,19.1,19.24,19.030001,19.129999,16.357706,270700,GSBD,Goldman Sachs BDC Inc,은행,-1.5486071628023623,,
2021-09-02,19.200001,19.24,19.065001,19.23,16.443216,394200,GSBD,Goldman Sachs BDC Inc,은행,-1.1619575251829217,,
2021-09-03,19.23,19.32,19.18,19.200001,16.417562,299800,GSBD,Goldman Sachs BDC Inc,은행,-1.0910505520087543,,
2021-09-07,19.26,19.26,19.049999,19.07,16.306404,462700,GSBD,Goldman Sachs BDC Inc,은행,-1.2308156677545923,,
2021-09-08,19.139999,19.18,19.0,19.01,16.255098,347300,GSBD,Goldman Sachs BDC Inc,은행,-1.2303150108421534,,
2021-09-09,19.02,19.18,18.959999,19.139999,16.366259,397900,GSBD,Goldman Sachs BDC Inc,은행,0.031114269739562772,,
2021-09-10,19.139999,19.285,19.07,19.1,16.332054,378800,GSBD,Goldman Sachs BDC Inc,은행,0.6758954446781429,,
2021-09-13,19.25,19.280001,19.059999,19.139999,16.366259,385400,GSBD,Goldman Sachs BDC Inc,은행,0.6954877350180189,,
2021-09-14,19.17,19.205,18.961,19.0,16.246548,446900,GSBD,Goldman Sachs BDC Inc,은행,0.5533844722063863,,
2021-09-15,19.030001,19.040001,18.940001,18.98,16.229446,681800,GSBD,Goldman Sachs BDC Inc,은행,-0.31266494460244765,,
2021-09-16,18.98,19.040001,18.799999,18.860001,16.126835,476600,GSBD,Goldman Sachs BDC Inc,은행,-0.6802058908994213,,
2021-09-17,18.809999,18.91,18.68,18.74,16.024225,773700,GSBD,Goldman Sachs BDC Inc,은행,-0.41142226312879115,,
2021-09-20,18.629999,18.73,18.440001,18.58,15.887413,1090200,GSBD,Goldman Sachs BDC Inc,은행,0.4228194794762663,,
2021-09-21,18.700001,18.860001,18.66,18.76,16.041328,365100,GSBD,Goldman Sachs BDC Inc,은행,1.3901669187336818,,
2021-09-22,18.799999,18.91,18.76,18.799999,16.075531,686700,GSBD,Goldman Sachs BDC Inc,은행,0.6383287959965678,,
2021-09-23,18.879999,18.91,18.780001,18.83,16.101185,599500,GSBD,Goldman Sachs BDC Inc,은행,-0.36259601475396863,,
2021-09-24,18.84,19.031,18.780001,18.870001,16.135387,391800,GSBD,Goldman Sachs BDC Inc,은행,-0.2602248412122643,,
2021-09-27,18.940001,19.16,18.92,19.08,16.314955,427500,GSBD,Goldman Sachs BDC Inc,은행,1.0870962805890505,,
2021-09-28,19.1,19.146,18.955,18.969999,16.220894,500400,GSBD,Goldman Sachs BDC Inc,은행,2.431738075774348,,
2021-09-29,18.59,18.59,18.450001,18.48,16.18586,620200,GSBD,Goldman Sachs BDC Inc,은행,-0.39939138059208457,,
2021-09-30,18.459999,18.620001,18.35,18.35,16.072001,399600,GSBD,Goldman Sachs BDC Inc,은행,0.054998958875884796,,
2021-10-01,18.5,18.549999,18.35,18.5,16.203377,346700,GSBD,Goldman Sachs BDC Inc,은행,-0.2818717348705535,,
2021-10-04,18.450001,18.545,18.42,18.52,16.220896,370400,GSBD,Goldman Sachs BDC Inc,은행,1.0524800041728843,,
2021-10-05,18.59,18.620001,18.450001,18.5,16.203377,457400,GSBD,Goldman Sachs BDC Inc,은행,-0.15255266752600694,19.44226662,
2021-10-06,18.440001,18.58,18.309999,18.57,16.26469,567100,GSBD,Goldman Sachs BDC Inc,은행,-0.23625835360518987,19.439599960000002,-0.0013333299999995774
2021-10-07,18.57,18.700001,18.459999,18.49,16.19462,619200,GSBD,Goldman Sachs BDC Inc,은행,-1.4174741911442856,19.43799996,-0.0008000000000016882
2021-10-08,18.540001,18.725,18.472,18.690001,16.369791,231900,GSBD,Goldman Sachs BDC Inc,은행,-0.12753874742479354,19.436599966666666,-0.0006999966666665358
2021-10-11,18.73,18.950001,18.690001,18.82,16.483652,508200,GSBD,Goldman Sachs BDC Inc,은행,1.2240815503877567,19.436866626666667,0.0001333300000005977
2021-10-12,18.860001,18.92,18.73,18.870001,16.527447,378600,GSBD,Goldman Sachs BDC Inc,은행,1.6662289148957399,19.43519996,-0.0008333333333343518
2021-10-13,18.85,19.02,18.82,18.950001,16.597515,300200,GSBD,Goldman Sachs BDC Inc,은행,1.6625720780904851,19.43286664,-0.0011666599999990979
2021-10-14,19.0,19.09,18.955,18.969999,16.61503,302000,GSBD,Goldman Sachs BDC Inc,은행,-0.005985626774829278,19.4299333,-0.0014666700000010024
2021-10-15,19.1,19.1,18.934999,18.99,16.632549,409100,GSBD,Goldman Sachs BDC Inc,은행,-0.6645943913439867,19.423866633333333,-0.003033333333332777
2021-10-18,18.969999,19.1,18.933001,18.959999,16.606272,362900,GSBD,Goldman Sachs BDC Inc,은행,-1.1115779904353307,19.41799996,-0.0029333366666666194
2021-10-19,19.049999,19.09,18.98,19.040001,16.676342,357000,GSBD,Goldman Sachs BDC Inc,은행,-1.3125627037206544,19.4109333,-0.003533329999999779
2021-10-20,19.1,19.139999,19.049999,19.059999,16.693859,317600,GSBD,Goldman Sachs BDC Inc,은행,-1.4827849231965118,19.40579996,-0.002566670000000215
2021-10-21,19.139999,19.17,19.030001,19.129999,16.755167,309500,GSBD,Goldman Sachs BDC Inc,은행,-1.3841367706953212,19.39926661333333,-0.0032666733333339693
2021-10-22,19.16,19.18,19.07,19.17,16.790203,200400,GSBD,Goldman Sachs BDC Inc,은행,-1.0517271471630174,19.39199994666667,-0.003633333333331379
2021-10-25,19.190001,19.235001,19.01,19.059999,16.693859,405200,GSBD,Goldman Sachs BDC Inc,은행,-1.9459617157298492,19.38599994666667,-0.0030000000000001137
2021-10-26,19.110001,19.152,19.02,19.02,16.658825,282100,GSBD,Goldman Sachs BDC Inc,은행,-2.098660608404701,19.381399953333332,-0.002299996666668136
2021-10-27,19.0,19.1,18.93,18.969999,16.61503,333100,GSBD,Goldman Sachs BDC Inc,은행,-1.7777392116246626,19.375066613333335,-0.003166669999998817
2021-10-28,19.0,19.07,18.799999,18.92,16.571238,617400,GSBD,Goldman Sachs BDC Inc,은행,-2.825582743819255,19.367533286666667,-0.003766663333333753
2021-10-29,18.92,19.02,18.9,18.969999,16.61503,223000,GSBD,Goldman Sachs BDC Inc,은행,-2.612457003931312,19.361666613333334,-0.0029333366666666194
2021-11-01,19.040001,19.09,18.882999,18.98,16.623791,422700,GSBD,Goldman Sachs BDC Inc,은행,-2.5141766433656287,19.358066613333335,-0.0017999999999993577
2021-11-02,19.0,19.0,18.690001,18.690001,16.369791,393800,GSBD,Goldman Sachs BDC Inc,은행,-4.104684902662104,19.353799953333333,-0.0021333300000012656
2021-11-03,18.719999,18.799999,18.67,18.77,16.439859,293600,GSBD,Goldman Sachs BDC Inc,은행,-4.052261380549826,19.347466626666666,-0.003166663333333375
2021-11-04,18.790001,18.799999,18.549999,18.690001,16.369791,361900,GSBD,Goldman Sachs BDC Inc,은행,-4.621660641321046,19.34019996,-0.0036333333333331552
2021-11-05,18.879999,18.940001,18.629999,18.799999,16.466135,408300,GSBD,Goldman Sachs BDC Inc,은행,-4.1263115659787575,19.332333286666668,-0.003933336666666065
2021-11-08,18.9,19.200001,18.879999,19.1,16.728893,563700,GSBD,Goldman Sachs BDC Inc,은행,-2.3870249430854362,19.325333286666666,-0.0035000000000007248
2021-11-09,19.1,19.101,18.85,19.030001,16.667585,590500,GSBD,Goldman Sachs BDC Inc,은행,-2.0790640833120544,19.316999953333333,-0.00416666666666643
2021-11-10,19.040001,19.219999,18.93,18.99,16.632549,411800,GSBD,Goldman Sachs BDC Inc,은행,-1.1697190331820484,19.306799953333332,-0.0051000000000005485
2021-11-11,19.0,19.120001,19.0,19.110001,16.737652,284400,GSBD,Goldman Sachs BDC Inc,은행,-0.40260587520436486,19.298666626666666,-0.004066663333333054
2021-11-12,19.129999,19.15,18.98,19.01,16.650066,418500,GSBD,Goldman Sachs BDC Inc,은행,-1.4102581244150647,19.2961333,-0.001266663333332474
2021-11-15,19.07,19.110001,18.875,18.92,16.571238,466000,GSBD,Goldman Sachs BDC Inc,은행,-1.654158289719776,19.292999973333334,-0.0015666633333335511
2021-11-16,18.950001,19.129999,18.9,18.959999,16.606272,454900,GSBD,Goldman Sachs BDC Inc,은행,-1.6108103947860997,19.290066633333332,-0.0014666700000010024
2021-11-17,18.92,19.0,18.82,18.879999,16.536203,314100,GSBD,Goldman Sachs BDC Inc,은행,-1.5602344989901873,19.286933293333334,-0.001566669999998993
2021-11-18,18.879999,18.93,18.76,18.83,16.492413,380300,GSBD,Goldman Sachs BDC Inc,은행,-1.909827857905988,19.28359996,-0.0016666666666669272
2021-11-19,18.77,18.790001,18.629999,18.709999,16.387308,345600,GSBD,Goldman Sachs BDC Inc,은행,-2.116164028190859,19.279799946666664,-0.0019000066666681192
2021-11-22,18.790001,18.92,18.745001,18.780001,16.44862,430100,GSBD,Goldman Sachs BDC Inc,은행,-1.236260622943175,19.273666613333333,-0.0030666666666654407
2021-11-23,18.84,18.9,18.781,18.9,16.55372,266300,GSBD,Goldman Sachs BDC Inc,은행,-0.6125851195595944,19.269799946666666,-0.0019333333333335645
2021-11-24,18.940001,19.09,18.889999,18.98,16.623791,314600,GSBD,Goldman Sachs BDC Inc,은행,-0.2596058981072291,19.267133286666667,-0.0013333299999995774
2021-11-26,18.950001,19.0,18.709999,18.91,16.562481,259600,GSBD,Goldman Sachs BDC Inc,은행,1.6839852161703472,19.262999946666664,-0.0020666700000013805
2021-11-29,19.15,19.15,18.93,19.02,16.658825,459600,GSBD,Goldman Sachs BDC Inc,은행,0.9846859983885237,19.258333286666666,-0.002333329999999023
2021-11-30,18.98,19.0,18.74,18.83,16.492413,444600,GSBD,Goldman Sachs BDC Inc,은행,1.8966352825437571,19.25219995333333,-0.003066666666667217
2021-12-01,18.950001,19.099001,18.75,18.790001,16.457378,481500,GSBD,Goldman Sachs BDC Inc,은행,2.734263571236273,19.245533286666667,-0.003333333333332078
2021-12-02,18.84,19.07,18.76,19.02,16.658825,488300,GSBD,Goldman Sachs BDC Inc,은행,2.374584543253544,19.24179995333333,-0.0018666666666682374
2021-12-03,19.08,19.08,18.790001,18.92,16.571238,452900,GSBD,Goldman Sachs BDC Inc,은행,2.48273794504692,19.238266613333334,-0.001766669999998527
2021-12-06,19.0,19.110001,18.84,19.1,16.728893,369000,GSBD,Goldman Sachs BDC Inc,은행,2.0604449719207496,19.236266613333335,-0.0009999999999994458
2021-12-07,19.110001,19.219999,19.01,19.1,16.728893,431500,GSBD,Goldman Sachs BDC Inc,은행,-0.025947843987250696,19.232733286666665,-0.0017666633333348614
2021-12-08,19.07,19.24,19.02,19.200001,16.816479,457300,GSBD,Goldman Sachs BDC Inc,은행,0.1608867872508135,19.230066626666666,-0.0013333299999995774
2021-12-09,19.110001,19.23,19.02,19.110001,16.737652,416900,GSBD,Goldman Sachs BDC Inc,은행,0.4031567211038478,19.226266633333335,-0.0018999966666655155
2021-12-10,19.17,19.25,19.07,19.209999,16.825239,268400,GSBD,Goldman Sachs BDC Inc,은행,0.014984374886872764,19.222999953333332,-0.001633340000001482
2021-12-13,19.200001,19.219999,19.0,19.07,16.702618,427900,GSBD,Goldman Sachs BDC Inc,은행,0.17093289660885524,19.218933286666665,-0.0020333333333333314
2021-12-14,19.07,19.129999,18.959999,19.02,16.658825,601800,GSBD,Goldman Sachs BDC Inc,은행,0.5812975457867298,19.219733286666667,0.0004000000000008441
2021-12-15,19.09,19.113001,18.969999,19.049999,16.685101,605600,GSBD,Goldman Sachs BDC Inc,은행,-0.8944109525680033,19.217399946666664,-0.0011666700000017016
2021-12-16,19.1,19.219999,18.969999,19.16,16.781445,410200,GSBD,Goldman Sachs BDC Inc,은행,0.462023037917203,19.216466620000002,-0.0004666633333307857
2021-12-17,19.1,19.200001,19.0,19.049999,16.685101,1446100,GSBD,Goldman Sachs BDC Inc,은행,0.7751511491879581,19.213199940000003,-0.0016333399999997056
2021-12-20,18.93,19.01,18.76,18.99,16.632549,667300,GSBD,Goldman Sachs BDC Inc,은행,1.3985979041863494,19.209733273333335,-0.0017333333333340306
2021-12-21,19.08,19.18,19.08,19.139999,16.763927,468900,GSBD,Goldman Sachs BDC Inc,은행,0.2841055239505508,19.206799933333336,-0.001466669999999226
2021-12-22,19.18,19.280001,19.110001,19.23,16.842754,740500,GSBD,Goldman Sachs BDC Inc,은행,-0.33889789092725886,19.204933266666668,-0.0009333333333341187
2021-12-23,19.25,19.440001,19.23,19.41,17.000408,566200,GSBD,Goldman Sachs BDC Inc,은행,-0.11357164905705375,19.20593326666667,0.0005000000000006111
2021-12-27,19.5,19.559,19.35,19.49,17.070477,580700,GSBD,Goldman Sachs BDC Inc,은행,-1.0134190035339663,19.207066599999997,0.0005666666666641618
2021-12-28,19.48,19.709999,19.48,19.51,17.087996,481300,GSBD,Goldman Sachs BDC Inc,은행,-0.8001598128590581,19.209066606666667,0.0010000033333348313
2021-12-29,19.549999,19.59,19.42,19.459999,17.044201,516300,GSBD,Goldman Sachs BDC Inc,은행,-1.1170823757189363,19.209999933333336,0.0004666633333343384
2021-12-30,19.01,19.129999,18.968,19.09,17.115929,859400,GSBD,Goldman Sachs BDC Inc,은행,-2.505995137755257,19.207933266666664,-0.001033333333335662
2021-12-31,19.08,19.18,19.08,19.16,17.17869,302700,GSBD,Goldman Sachs BDC Inc,은행,-1.7283850002509316,19.205999926666667,-0.000966669999998615
2022-01-03,19.17,19.344999,19.15,19.209999,17.223522,274600,GSBD,Goldman Sachs BDC Inc,은행,-1.8994711192558245,19.202466586666667,-0.0017666700000003033
2022-01-04,19.23,19.41,19.23,19.360001,17.358007,495900,GSBD,Goldman Sachs BDC Inc,은행,-0.9244137082251358,19.198666593333336,-0.0018999966666655155
2022-01-05,19.360001,19.51,19.190001,19.209999,17.223522,445900,GSBD,Goldman Sachs BDC Inc,은행,0.23808066820916185,19.19406658666667,-0.002300003333333578
2022-01-06,19.299999,19.4,19.120001,19.15,17.169724,393300,GSBD,Goldman Sachs BDC Inc,은행,0.028958901252029712,19.18786658666667,-0.0030999999999998806
2022-01-07,19.200001,19.379999,19.200001,19.34,17.340078,422700,GSBD,Goldman Sachs BDC Inc,은행,1.3815164042988881,19.182466586666667,-0.002700000000000813
2022-01-10,19.34,19.58,19.26,19.41,17.402838,489300,GSBD,Goldman Sachs BDC Inc,은행,1.7963987260073866,19.176599913333337,-0.002933336666664843
2022-01-11,19.530001,19.605,19.43,19.59,17.564224,675200,GSBD,Goldman Sachs BDC Inc,은행,1.7180227240002566,19.17253324,-0.002033336666668717
2022-01-12,19.690001,19.940001,19.629999,19.940001,17.878031,618300,GSBD,Goldman Sachs BDC Inc,은행,3.0999425385343615,19.17159991333333,-0.0004666633333343384
2022-01-13,19.940001,19.940001,19.709999,19.73,17.689747,436900,GSBD,Goldman Sachs BDC Inc,은행,3.248385709897428,19.167799919999997,-0.0018999966666672918
2022-01-14,19.74,19.879999,19.700001,19.76,17.716644,318500,GSBD,Goldman Sachs BDC Inc,은행,3.152407326355733,19.16379991333333,-0.0020000033333325007
2022-01-18,19.879999,19.924999,19.65,19.889999,17.833202,585100,GSBD,Goldman Sachs BDC Inc,은행,5.490079161476458,19.161533239999997,-0.0011333366666672617
2022-01-19,19.93,19.959999,19.77,19.860001,17.806305,433300,GSBD,Goldman Sachs BDC Inc,은행,6.072823963690621,19.15886658,-0.001333329999997801
2022-01-20,19.809999,19.93,19.67,19.709999,17.671814,347400,GSBD,Goldman Sachs BDC Inc,은행,6.08690345430507,19.156599913333334,-0.0011333333333336526
2022-01-21,19.65,19.67,19.375,19.389999,17.384907,582600,GSBD,Goldman Sachs BDC Inc,은행,5.974688376359372,19.1533999,-0.001600006666667042
2022-01-24,19.26,19.379999,18.969999,19.379999,17.375938,1248900,GSBD,Goldman Sachs BDC Inc,은행,5.263954717043262,19.147866566666664,-0.0027666666666679163
2022-01-25,19.299999,19.6,19.15,19.469999,17.456633,612900,GSBD,Goldman Sachs BDC Inc,은행,6.543716816790579,19.14266656,-0.0026000033333328787
2022-01-26,19.540001,19.75,19.455,19.540001,17.519396,395700,GSBD,Goldman Sachs BDC Inc,은행,6.558859211012824,19.13719989333333,-0.0027333333333334764
2022-01-27,19.639999,19.84,19.559999,19.620001,17.591122,566300,GSBD,Goldman Sachs BDC Inc,은행,6.971904808059981,19.131266566666667,-0.0029666633333320647
2022-01-28,19.610001,19.82,19.5,19.809999,17.761477,458900,GSBD,Goldman Sachs BDC Inc,은행,4.852991717768385,19.12766656,-0.0018000033333329668
2022-01-31,19.74,20.059999,19.74,20.030001,17.958725,465100,GSBD,Goldman Sachs BDC Inc,은행,3.547348387349114,19.126866566666667,-0.000399996666667235
2022-02-01,20.07,20.389999,20.02,20.35,18.245634,696900,GSBD,Goldman Sachs BDC Inc,은행,3.9133124628600635,19.1319999,0.002566666666666606
2022-02-02,20.42,20.6,20.370001,20.59,18.460815,575300,GSBD,Goldman Sachs BDC Inc,은행,3.618932116412643,19.138599900000003,0.003300000000001191
2022-02-03,20.48,20.59,20.209999,20.32,18.218737,497200,GSBD,Goldman Sachs BDC Inc,은행,4.272988949284806,19.144266573333333,0.002833336666665076
2022-02-04,20.32,20.370001,20.16,20.309999,18.209768,470900,GSBD,Goldman Sachs BDC Inc,은행,3.1714919683934806,19.14713324,0.0014333333333329534
2022-02-07,20.33,20.5,20.25,20.379999,18.272532,616000,GSBD,Goldman Sachs BDC Inc,은행,3.4269092929771094,19.15166656,0.002266660000000087
2022-02-08,20.389999,20.49,20.309999,20.41,18.299431,344700,GSBD,Goldman Sachs BDC Inc,은행,2.299663150188902,19.157599893333334,0.00296666666666745
2022-02-09,20.41,20.540001,20.4,20.41,18.299431,457100,GSBD,Goldman Sachs BDC Inc,은행,0.5023215624314625,19.163599893333334,0.0030000000000001137
2022-02-10,20.4,20.58,20.299999,20.299999,18.200804,502300,GSBD,Goldman Sachs BDC Inc,은행,1.4747212084493144,19.168666546666667,0.0025333266666667242
2022-02-11,20.32,20.58,20.045,20.190001,18.10218,601800,GSBD,Goldman Sachs BDC Inc,은행,2.49044811162209,19.173266553333335,0.002300003333333578
2022-02-14,20.190001,20.24,19.799999,20.01,17.940794,707600,GSBD,Goldman Sachs BDC Inc,은행,1.6170305760995873,19.178399886666668,0.002566666666666606
2022-02-15,20.059999,20.135,20.02,20.059999,17.985622,387100,GSBD,Goldman Sachs BDC Inc,은행,0.1318094876379572,19.184266546666667,0.002933329999999401
2022-02-16,20.059999,20.25,20.049999,20.23,18.138042,469500,GSBD,Goldman Sachs BDC Inc,은행,0.7349822834817221,19.190999886666667,0.003366670000000127
2022-02-17,20.200001,20.35,20.01,20.17,18.084249,625700,GSBD,Goldman Sachs BDC Inc,은행,2.3716624831195965,19.197933226666667,0.003466669999999894
2022-02-18,20.190001,20.450001,20.08,20.34,18.236666,1052200,GSBD,Goldman Sachs BDC Inc,은행,3.670557664100449,19.20706656666667,0.004566670000000883
2022-02-22,20.290001,20.43,20.16,20.209999,18.12011,551000,GSBD,Goldman Sachs BDC Inc,은행,3.7181897293391053,19.2141999,0.003566666666666052
2022-02-23,20.25,20.41,20.15,20.23,18.138042,452300,GSBD,Goldman Sachs BDC Inc,은행,5.397604608646289,19.221399899999998,0.0035999999999987153
2022-02-24,19.92,20.121,19.719999,20.07,17.994589,773100,GSBD,Goldman Sachs BDC Inc,은행,2.810678223422447,19.2283999,0.0035000000000007248
2022-02-25,19.75,20.02,19.51,19.780001,17.734579,984500,GSBD,Goldman Sachs BDC Inc,은행,-0.8664359576711078,19.233799913333335,0.002700006666668031
2022-02-28,19.52,19.785,19.469999,19.76,17.716644,850200,GSBD,Goldman Sachs BDC Inc,은행,-0.776243518420916,19.23886658,0.002533333333332166
2022-03-01,19.700001,19.700001,19.309999,19.469999,17.456633,650100,GSBD,Goldman Sachs BDC Inc,은행,-0.7890831814961308,19.241333239999996,0.001233329999998034
2022-03-02,19.530001,19.799999,19.459999,19.74,17.698713,500800,GSBD,Goldman Sachs BDC Inc,은행,-1.2803696562900924,19.244799913333335,0.001733336666669416
2022-03-03,19.799999,19.82,19.66,19.709999,17.671814,295300,GSBD,Goldman Sachs BDC Inc,은행,-0.9429448222659009,19.248399906666666,0.0017999966666657485
2022-03-04,19.68,19.719999,19.200001,19.299999,17.304213,674800,GSBD,Goldman Sachs BDC Inc,은행,-2.1420634270034378,19.249866566666665,0.0007333299999991993
2022-03-07,19.200001,19.26,19.02,19.09,17.115929,832600,GSBD,Goldman Sachs BDC Inc,은행,-0.29697587060920627,19.248866566666667,-0.0004999999999988347
2022-03-08,19.08,19.290001,18.799999,19.110001,17.133862,856000,GSBD,Goldman Sachs BDC Inc,은행,0.49417431724707583,19.247799906666668,-0.0005333299999996655
2022-03-09,19.299999,19.48,19.200001,19.23,17.241449,484100,GSBD,Goldman Sachs BDC Inc,은행,-1.388159160185365,19.24806656666667,0.0001333300000005977
2022-03-10,19.110001,19.370001,19.1,19.290001,17.295248,300500,GSBD,Goldman Sachs BDC Inc,은행,-0.7404600953099805,19.2475999,-0.00023333333333397377
2022-03-11,19.370001,19.48,19.299999,19.32,17.322145,272000,GSBD,Goldman Sachs BDC Inc,은행,0.622057405279608,19.24626656666667,-0.0006666666666657051
2022-03-14,19.379999,19.530001,19.0,19.059999,17.089031,519900,GSBD,Goldman Sachs BDC Inc,은행,0.012227160041122787,19.243666553333334,-0.0013000066666677412
2022-03-15,19.1,19.32,19.08,19.15,17.169724,375100,GSBD,Goldman Sachs BDC Inc,은행,-1.564234076694293,19.242133226666667,-0.0007666633333336392
2022-03-16,19.25,19.379999,19.039,19.209999,17.223522,489200,GSBD,Goldman Sachs BDC Inc,은행,-3.334575532397255,19.240866553333333,-0.0006333366666666507
2022-03-17,19.25,19.610001,19.200001,19.59,17.564224,546300,GSBD,Goldman Sachs BDC Inc,은행,-2.539103165340695,19.242133220000003,0.0006333333333348179
2022-03-18,19.57,19.6,19.372999,19.559999,17.537327,1267200,GSBD,Goldman Sachs BDC Inc,은행,-3.5750628296215337,19.243999873333333,0.0009333266666651241
2022-03-21,19.6,19.815001,19.540001,19.6,17.573191,503000,GSBD,Goldman Sachs BDC Inc,은행,-3.033309131633366,19.246533213333336,0.0012666700000014686
2022-03-22,19.709999,19.99,19.6,19.91,17.851135,587700,GSBD,Goldman Sachs BDC Inc,은행,-2.2968922031067485,19.25153321333333,0.0024999999999977263
2022-03-23,19.950001,19.969999,19.809999,19.84,17.788372,408000,GSBD,Goldman Sachs BDC Inc,은행,-1.0633382996030227,19.25739988666667,0.0029333366666683958
2022-03-24,19.91,19.99,19.805,19.91,17.851135,352900,GSBD,Goldman Sachs BDC Inc,은행,-1.8182458851515038,19.26613322,0.004366666666665964
2022-03-25,19.9,20.200001,19.9,20.17,18.084249,532500,GSBD,Goldman Sachs BDC Inc,은행,-0.9586018560291842,19.27486654666667,0.004366663333334131
2022-03-28,20.18,20.193001,20.02,20.059999,17.985622,482300,GSBD,Goldman Sachs BDC Inc,은행,-2.051725262170445,19.282133213333335,0.0036333333333331552
2022-03-29,20.190001,20.32,20.030001,20.059999,17.985622,633000,GSBD,Goldman Sachs BDC Inc,은행,-3.0316643823784184,19.288199873333337,0.0030333300000009444
2022-03-30,19.620001,19.74,19.504999,19.67,18.040653,455500,GSBD,Goldman Sachs BDC Inc,은행,-4.071636679708313,19.291266546666666,0.0015333366666645531
2022-03-31,19.719999,19.84,19.610001,19.610001,17.985622,365100,GSBD,Goldman Sachs BDC Inc,은행,-2.6375292146545215,19.294866553333332,0.0018000033333329668
2022-04-01,19.620001,19.905001,19.610001,19.879999,18.233257,294900,GSBD,Goldman Sachs BDC Inc,은행,-1.5380821758121388,19.299399873333336,0.0022666600000018633
2022-04-04,19.9,19.950001,19.68,19.790001,18.150713,285500,GSBD,Goldman Sachs BDC Inc,은행,-2.522957740000409,19.303799886666667,0.0022000066666656437
2022-04-05,19.709999,19.799999,19.629999,19.75,18.114025,395800,GSBD,Goldman Sachs BDC Inc,은행,-1.2410750079039135,19.30839989333333,0.0023000033333318015
2022-04-06,19.65,19.73,19.57,19.610001,17.985622,255900,GSBD,Goldman Sachs BDC Inc,은행,-0.8453362098501893,19.311599906666668,0.0016000066666688184
2022-04-07,19.67,19.950001,19.559999,19.809999,18.169056,403200,GSBD,Goldman Sachs BDC Inc,은행,-0.11498736249261343,19.315466566666668,0.0019333299999999554
2022-04-08,19.950001,20.1,19.893,20.030001,18.370832,516500,GSBD,Goldman Sachs BDC Inc,은행,1.4152571995209806,19.3209999,0.00276666666666614
2022-04-11,20.040001,20.139999,19.84,19.85,18.205742,384500,GSBD,Goldman Sachs BDC Inc,은행,2.3091943954307803,19.326199900000002,0.002600000000001046
2022-04-12,19.860001,19.969999,19.82,19.82,18.178226,349800,GSBD,Goldman Sachs BDC Inc,은행,2.488051602518837,19.3315999,0.0026999999999990365
2022-04-13,19.84,20.18,19.84,20.16,18.490063,334300,GSBD,Goldman Sachs BDC Inc,은행,2.9470300273063854,19.338399906666666,0.0034000033333327906
2022-04-14,20.200001,20.200001,20.025,20.09,18.425863,347700,GSBD,Goldman Sachs BDC Inc,은행,3.6940398668702024,19.34499990666667,0.003300000000001191
2022-04-18,20.09,20.190001,20.011999,20.120001,18.453377,324500,GSBD,Goldman Sachs BDC Inc,은행,3.6366159500093254,19.351533253333333,0.003266673333332193
2022-04-19,20.15,20.23,20.1,20.219999,18.545094,215500,GSBD,Goldman Sachs BDC Inc,은행,2.3460340438024696,19.35966658,0.004066663333333054
2022-04-20,20.23,20.469999,20.222,20.33,18.645981,378700,GSBD,Goldman Sachs BDC Inc,은행,2.7972431825692423,19.368666580000003,0.004500000000001947
2022-04-21,20.33,20.5,20.209999,20.219999,18.545094,446100,GSBD,Goldman Sachs BDC Inc,은행,3.5968884250325406,19.377733233333334,0.004533326666665616
2022-04-22,20.110001,20.17,19.385,19.42,17.811363,937600,GSBD,Goldman Sachs BDC Inc,은행,2.1743206193715503,19.38226656666667,0.002266666666667305
2022-04-25,19.4,19.450001,19.16,19.440001,17.829704,655100,GSBD,Goldman Sachs BDC Inc,은행,1.6027076352689962,19.387999906666668,0.002866669999999516
2022-04-26,19.459999,19.459999,18.99,19.0,17.426151,559200,GSBD,Goldman Sachs BDC Inc,은행,1.988395970802559,19.389599906666668,0.0007999999999999119
2022-04-27,19.120001,19.377001,19.030001,19.139999,17.554554,529000,GSBD,Goldman Sachs BDC Inc,은행,2.245795561479458,19.391866573333335,0.0011333333333336526
2022-04-28,19.32,19.440001,19.01,19.33,17.728815,468800,GSBD,Goldman Sachs BDC Inc,은행,0.5035629585507184,19.395199906666665,0.0016666666666651508
2022-04-29,19.309999,19.35,18.77,18.77,17.215204,576200,GSBD,Goldman Sachs BDC Inc,은행,1.0251867698768402,19.394533233333334,-0.0003333366666655735
2022-05-02,18.82,18.98,18.219999,18.469999,16.940052,835100,GSBD,Goldman Sachs BDC Inc,은행,-1.2291650155576317,19.39046656,-0.0020333366666669406
2022-05-03,18.5,18.99,18.450001,18.879999,17.31609,383600,GSBD,Goldman Sachs BDC Inc,은행,0.2510474117145778,19.38986656,-0.0002999999999993008
2022-05-04,18.879999,19.209999,18.83,19.18,17.591242,321300,GSBD,Goldman Sachs BDC Inc,은행,-1.2139690582195661,19.394533226666667,0.0023333333333326323
2022-05-05,19.1,19.1,18.52,18.780001,17.224375,421800,GSBD,Goldman Sachs BDC Inc,은행,0.13234867984179832,19.3973999,0.0014333366666665626
2022-05-06,18.879999,19.065001,18.700001,18.940001,17.371124,532300,GSBD,Goldman Sachs BDC Inc,은행,1.3473406113251984,19.40033324,0.001466669999999226
2022-05-09,18.370001,18.75,18.0,18.129999,16.628216,1059700,GSBD,Goldman Sachs BDC Inc,은행,0.13587134985437732,19.39773323333333,-0.001300003333334132
2022-05-10,18.27,18.75,18.120001,18.49,16.958395,660900,GSBD,Goldman Sachs BDC Inc,은행,1.7362099099449635,19.39766656666667,-3.333333333088717e-05
2022-05-11,18.5,18.68,18.219999,18.219999,16.710762,403500,GSBD,Goldman Sachs BDC Inc,은행,1.7910036727800893,19.395333226666665,-0.0011666700000017016
2022-05-12,18.09,18.219999,17.67,17.76,16.288866,866100,GSBD,Goldman Sachs BDC Inc,은행,-0.6339654559865404,19.39046656,-0.002433333333332399
2022-05-13,17.92,18.084999,17.76,17.950001,16.463129,687600,GSBD,Goldman Sachs BDC Inc,은행,-1.790502214286649,19.385533226666666,-0.002466666666666839
2022-05-16,17.99,18.299999,17.860001,18.25,16.738277,313100,GSBD,Goldman Sachs BDC Inc,은행,0.27739519728062767,19.381733226666665,-0.001900000000000901
2022-05-17,18.58,18.6,18.33,18.530001,16.995085,524400,GSBD,Goldman Sachs BDC Inc,은행,-0.1975794178603274,19.37946656,-0.0011333333333318762
2022-05-18,18.5,18.530001,18.014999,18.02,16.52733,317400,GSBD,Goldman Sachs BDC Inc,은행,1.1035894755283326,19.373266553333334,-0.0031000033333334898
2022-05-19,17.9,18.08,17.799999,17.870001,16.389753,364600,GSBD,Goldman Sachs BDC Inc,은행,0.8736137476653694,19.365933233333337,-0.0036666599999986005
2022-05-20,17.889999,17.99,17.1,17.32,15.885314,803200,GSBD,Goldman Sachs BDC Inc,은행,-2.130446651636575,19.3547999,-0.005566666666668496
2022-05-23,17.5,17.790001,17.4,17.709999,16.243008,301100,GSBD,Goldman Sachs BDC Inc,은행,-1.675743377079153,19.346466566666667,-0.00416666666666643
2022-05-24,17.709999,17.739,17.370001,17.530001,16.077917,401900,GSBD,Goldman Sachs BDC Inc,은행,-1.7665157489480277,19.3363999,-0.005033333333333445
2022-05-25,17.5,17.860001,17.440001,17.709999,16.243008,390400,GSBD,Goldman Sachs BDC Inc,은행,-1.5527786456965842,19.3273999,-0.0045000000000001705
2022-05-26,17.709999,18.15,17.690001,17.99,16.499813,496700,GSBD,Goldman Sachs BDC Inc,은행,-1.8644693951628821,19.319799906666667,-0.0037999966666664164
2022-05-27,18.059999,18.34,18.02,18.25,16.738277,426700,GSBD,Goldman Sachs BDC Inc,은행,-2.6842339044481633,19.313666573333332,-0.003066666666667217
2022-05-31,18.200001,18.24,17.959999,18.09,16.59153,388300,GSBD,Goldman Sachs BDC Inc,은행,-2.8562193433606664,19.307199913333335,-0.003233329999998702
2022-06-01,18.16,18.33,17.99,18.280001,16.765793,338200,GSBD,Goldman Sachs BDC Inc,은행,-1.0250738739025933,19.302266586666665,-0.0024666633333350063
2022-06-02,18.32,18.389999,18.135,18.34,16.820822,298200,GSBD,Goldman Sachs BDC Inc,은행,-2.422115848790607,19.29806659333333,-0.0020999966666668257
2022-06-03,18.299999,18.34,18.16,18.200001,16.692419,189700,GSBD,Goldman Sachs BDC Inc,은행,-1.4493930187787218,19.2932666,-0.0023999966666661265
2022-06-06,18.33,18.41,18.200001,18.34,16.820822,277000,GSBD,Goldman Sachs BDC Inc,은행,-0.8436890719248802,19.289066606666665,-0.0020999966666668257
2022-06-07,18.27,18.559999,18.25,18.280001,16.765793,516900,GSBD,Goldman Sachs BDC Inc,은행,-1.9376946022294006,19.284399946666667,-0.002333329999999023
2022-06-08,18.27,18.280001,18.01,18.15,16.646559,402500,GSBD,Goldman Sachs BDC Inc,은행,-1.3398795723749801,19.28079994,-0.0018000033333329668
2022-06-09,18.110001,18.212,17.93,17.950001,16.463129,607100,GSBD,Goldman Sachs BDC Inc,은행,0.13362594333772293,19.27533328,-0.0027333299999998673
2022-06-10,17.75,17.99,17.549999,17.889999,16.408096,471700,GSBD,Goldman Sachs BDC Inc,은행,2.713864244597497,19.269999933333334,-0.0026666733333335912
2022-06-13,17.540001,17.690001,16.965,17.059999,15.646849,1231500,GSBD,Goldman Sachs BDC Inc,은행,1.797585027325943,19.258399933333333,-0.0058000000000006935
2022-06-14,17.15,17.370001,16.91,17.17,15.747737,919200,GSBD,Goldman Sachs BDC Inc,은행,2.792515192027656,19.245533266666666,-0.006433333333333735
2022-06-15,17.26,17.559999,17.0,17.23,15.802767,421900,GSBD,Goldman Sachs BDC Inc,은행,1.6518174673316066,19.233533259999998,-0.0060000033333338365
2022-06-16,17.0,17.030001,16.370001,16.530001,15.160752,680800,GSBD,Goldman Sachs BDC Inc,은행,0.8946099736528268,19.217133266666668,-0.008199996666665044
2022-06-17,16.6,16.847,16.450001,16.74,15.353357,974900,GSBD,Goldman Sachs BDC Inc,은행,1.9814739088058309,19.201333260000002,-0.007900003333332961
2022-06-21,17.27,17.298,16.950001,17.0,15.591819,453300,GSBD,Goldman Sachs BDC Inc,은행,1.005006998509872,19.18793326,-0.006700000000000372
2022-06-22,16.879999,17.190001,16.855,17.059999,15.646849,368800,GSBD,Goldman Sachs BDC Inc,은행,1.4021598559535553,19.175533253333334,-0.00620000333333337
2022-06-23,17.120001,17.156,16.92,16.98,15.573478,300500,GSBD,Goldman Sachs BDC Inc,은행,-0.055215724310586634,19.16233326,-0.006599996666666996
2022-06-24,17.120001,17.469999,17.120001,17.41,15.967857,332900,GSBD,Goldman Sachs BDC Inc,은행,-0.5628194803709019,19.152533266666666,-0.0048999966666674055
2022-06-27,17.5,17.715,17.32,17.66,16.197149,368300,GSBD,Goldman Sachs BDC Inc,은행,1.0589369430591855,19.144733266666666,-0.0038999999999997925
2022-06-28,17.75,18.16,17.5,17.530001,16.077917,776200,GSBD,Goldman Sachs BDC Inc,은행,2.1511984454442246,19.136866613333336,-0.003933326666665238
2022-06-29,17.059999,17.222,16.809999,16.870001,15.880239,334500,GSBD,Goldman Sachs BDC Inc,은행,-1.6682350223683362,19.12413328,-0.006366666666668408
2022-06-30,16.799999,16.950001,16.559999,16.799999,15.814344,393800,GSBD,Goldman Sachs BDC Inc,은행,-1.1899675884948335,19.110133273333336,-0.007000003333331506
2022-07-01,16.299999,16.9,16.059999,16.9,15.908478,844000,GSBD,Goldman Sachs BDC Inc,은행,-1.6694563664060857,19.096266606666667,-0.006933333333334346
2022-07-05,16.75,16.98,16.530001,16.93,15.936719,350200,GSBD,Goldman Sachs BDC Inc,은행,-1.6386231334904244,19.08306660666667,-0.006599999999998829
2022-07-06,16.93,16.93,16.379999,16.639999,15.663732,413100,GSBD,Goldman Sachs BDC Inc,은행,-3.536397326719143,19.067199933333335,-0.007933336666667401
2022-07-07,16.719999,16.860001,16.662001,16.860001,15.870825,349200,GSBD,Goldman Sachs BDC Inc,은행,-3.62330961027707,19.05406660666667,-0.006566663333332556
2022-07-08,16.860001,16.9,16.6,16.870001,15.880239,299900,GSBD,Goldman Sachs BDC Inc,은행,-3.3959976271842107,19.041266606666664,-0.006400000000002848
2022-07-11,16.799999,16.889999,16.459999,16.530001,15.560186,249800,GSBD,Goldman Sachs BDC Inc,은행,-4.047300274295873,19.02466661333333,-0.008299996666666587
2022-07-12,16.48,16.66,16.48,16.559999,15.588426,185000,GSBD,Goldman Sachs BDC Inc,은행,-2.7044786778842256,19.008933273333334,-0.007866669999998521
2022-07-13,16.49,16.559999,16.209999,16.25,15.296614,468400,GSBD,Goldman Sachs BDC Inc,은행,-3.8011182102663077,18.98993327333333,-0.009500000000000952
2022-07-14,16.1,16.129999,15.87,15.99,15.051867,442200,GSBD,Goldman Sachs BDC Inc,은행,-4.650126757753625,18.969199940000003,-0.010366666666664415
2022-07-15,16.129999,16.33,15.97,16.219999,15.268373,265900,GSBD,Goldman Sachs BDC Inc,은행,-4.726594869183664,18.94933326,-0.009933340000001678
2022-07-18,16.370001,16.52,16.290001,16.32,15.362506,302500,GSBD,Goldman Sachs BDC Inc,은행,-3.058041472180051,18.930733253333333,-0.009300003333333251
2022-07-19,16.48,16.695,16.389999,16.66,15.682559,342700,GSBD,Goldman Sachs BDC Inc,은행,-3.3434835170732313,18.91373326,-0.00849999666666612
2022-07-20,16.68,16.82,16.59,16.66,15.682559,254200,GSBD,Goldman Sachs BDC Inc,은행,-3.570458763658757,18.897666593333334,-0.008033333333333559
2022-07-21,16.700001,16.73,16.540001,16.700001,15.720212,248100,GSBD,Goldman Sachs BDC Inc,은행,-3.8848963497895905,18.882199933333336,-0.0077333299999988725
2022-07-22,16.85,16.870001,16.620001,16.67,15.691973,193600,GSBD,Goldman Sachs BDC Inc,은행,-2.856853224191025,18.866333273333336,-0.007933330000000183
2022-07-25,16.639999,16.77,16.575001,16.620001,15.644907,278700,GSBD,Goldman Sachs BDC Inc,은행,-2.983173126957739,18.849399946666665,-0.008466663333335234
2022-07-26,16.58,16.809999,16.58,16.76,15.776691,195600,GSBD,Goldman Sachs BDC Inc,은행,-0.7318468318388005,18.834133286666667,-0.0076333299999991056
2022-07-27,16.860001,17.290001,16.85,17.26,16.247356,459100,GSBD,Goldman Sachs BDC Inc,은행,-0.03086471212656594,18.82259995333333,-0.00576666666666803
2022-07-28,17.35,17.612,17.247,17.52,16.492104,476300,GSBD,Goldman Sachs BDC Inc,은행,0.39366692883013865,18.81179996,-0.00539999666666624
2022-07-29,17.469999,17.700001,17.4,17.6,16.56741,467400,GSBD,Goldman Sachs BDC Inc,은행,-0.3550201760590954,18.80093329333333,-0.005433333333334289
2022-08-01,17.57,17.693001,17.48,17.58,16.548582,339900,GSBD,Goldman Sachs BDC Inc,은행,-0.011683055325084624,18.788733293333333,-0.006099999999998218
2022-08-02,17.57,17.610001,17.33,17.459999,16.435623,262300,GSBD,Goldman Sachs BDC Inc,은행,0.14903771864331894,18.775199953333335,-0.0067666699999993085
2022-08-03,17.549999,17.6,17.360001,17.52,16.492104,285500,GSBD,Goldman Sachs BDC Inc,은행,-0.924926246677793,18.761933286666665,-0.006633333333335045
2022-08-04,17.57,17.621,17.34,17.42,16.39797,240500,GSBD,Goldman Sachs BDC Inc,은행,-1.2693207888768265,18.74833329333333,-0.00679999666666653
2022-08-05,17.440001,17.68,17.315001,17.610001,16.576824,372600,GSBD,Goldman Sachs BDC Inc,은행,0.06193455515357549,18.738466633333335,-0.004933329999998293
2022-08-08,17.77,18.059999,17.719999,18.0,16.943943,316100,GSBD,Goldman Sachs BDC Inc,은행,2.3333482847744724,18.730733299999997,-0.0038666666666689053
2022-08-09,17.879999,17.98,17.709999,17.74,16.699196,204900,GSBD,Goldman Sachs BDC Inc,은행,1.3251146058705698,18.720933306666666,-0.004899996666665629
2022-08-10,17.950001,18.0,17.65,17.780001,16.736851,594500,GSBD,Goldman Sachs BDC Inc,은행,-0.5034152415871684,18.710399973333335,-0.0052666666666656425
2022-08-11,17.77,17.934999,17.77,17.84,16.793329,279100,GSBD,Goldman Sachs BDC Inc,은행,-0.12272036543845566,18.701266646666667,-0.004566663333333665
2022-08-12,17.92,18.08,17.914,18.049999,16.991007,282800,GSBD,Goldman Sachs BDC Inc,은행,-0.6893564128094831,18.693933306666665,-0.0036666700000012042
2022-08-15,17.950001,18.0,17.860001,17.92,16.868635,305700,GSBD,Goldman Sachs BDC Inc,은행,-1.6903328088150094,18.68446664,-0.004733333333332368
2022-08-16,17.889999,18.105,17.858999,18.030001,16.972181,349600,GSBD,Goldman Sachs BDC Inc,은행,-1.220789043660031,18.675266646666667,-0.004599996666666328
2022-08-17,17.879999,17.9,17.530001,17.530001,16.501516,343100,GSBD,Goldman Sachs BDC Inc,은행,-3.1391970991377027,18.66153332,-0.0068666633333336335
2022-08-18,17.610001,17.860001,17.530001,17.84,16.793329,254300,GSBD,Goldman Sachs BDC Inc,은행,-1.6361611066299742,18.647533313333334,-0.007000003333333282
2022-08-19,17.73,17.73,17.469999,17.469999,16.445036,338200,GSBD,Goldman Sachs BDC Inc,은행,-2.3293355891608525,18.632466640000004,-0.0075333366666647805
2022-08-22,17.33,17.35,17.135,17.139999,16.134396,239200,GSBD,Goldman Sachs BDC Inc,은행,-2.023611763659927,18.614999966666666,-0.00873333666666909
2022-08-23,17.26,17.450001,17.219999,17.42,16.39797,227200,GSBD,Goldman Sachs BDC Inc,은행,-0.1345812934359314,18.598533306666663,-0.00823333000000126
2022-08-24,17.370001,17.5,17.356001,17.5,16.473276,213900,GSBD,Goldman Sachs BDC Inc,은행,0.10745989055445104,18.582799966666666,-0.007866669999998521
2022-08-25,17.549999,17.65,17.48,17.540001,16.510929,265400,GSBD,Goldman Sachs BDC Inc,은행,-0.9112349402768727,18.568333313333333,-0.007233326666666429
2022-08-26,17.549999,17.57,17.299999,17.309999,16.294422,250300,GSBD,Goldman Sachs BDC Inc,은행,1.1928332823675003,18.554466646666665,-0.006933333333334346
2022-08-29,17.17,17.360001,17.15,17.290001,16.275599,256800,GSBD,Goldman Sachs BDC Inc,은행,1.7286012792943284,18.540533326666665,-0.006966659999999791
2022-08-30,17.35,17.35,16.9,16.950001,15.955545,274800,GSBD,Goldman Sachs BDC Inc,은행,0.8587657673304827,18.523733340000003,-0.008399993333330968
2022-08-31,17.040001,17.157,16.959999,17.02,16.021439,219100,GSBD,Goldman Sachs BDC Inc,은행,1.968010631454442,18.506933333333333,-0.008400003333335349
2022-09-01,16.99,17.0,16.530001,16.77,15.786106,349900,GSBD,Goldman Sachs BDC Inc,은행,0.132259520669753,18.487933326666667,-0.009500003333332785
2022-09-02,16.92,17.105,16.76,16.84,15.851998,245400,GSBD,Goldman Sachs BDC Inc,은행,1.5898152268188026,18.46813333333333,-0.009899996666668187
2022-09-06,16.98,16.98,16.6,16.74,15.757865,285000,GSBD,Goldman Sachs BDC Inc,은행,1.4792136165937997,18.446199993333334,-0.010966669999998402
2022-09-07,16.66,16.924999,16.66,16.870001,15.880239,230800,GSBD,Goldman Sachs BDC Inc,은행,0.5020724633706841,18.423,-0.011599996666667778
2022-09-08,16.870001,17.165001,16.77,17.09,16.08733,294000,GSBD,Goldman Sachs BDC Inc,은행,1.0926888091825626,18.399666666666665,-0.011666666666666714
2022-09-09,17.219999,17.337,17.08,17.09,16.08733,361200,GSBD,Goldman Sachs BDC Inc,은행,-0.38243396657386963,18.378133333333334,-0.010766666666665259
2022-09-12,17.200001,17.290001,17.1,17.190001,16.181465,335000,GSBD,Goldman Sachs BDC Inc,은행,-0.8077242636540416,18.357333346666667,-0.010399993333333413
2022-09-13,17.040001,17.075001,16.700001,16.790001,15.804933,271300,GSBD,Goldman Sachs BDC Inc,은행,1.143477440085472,18.333400026666666,-0.011966660000000573
2022-09-14,16.790001,17.01,16.77,16.91,15.917892,619600,GSBD,Goldman Sachs BDC Inc,은행,1.4055230006757125,18.310066693333336,-0.011666666666664938
2022-09-15,16.93,17.209999,16.93,17.030001,16.030851,224200,GSBD,Goldman Sachs BDC Inc,은행,2.972983428367959,18.287533366666665,-0.011266663333335813
2022-09-16,16.9,16.950001,16.719999,16.889999,15.899065,359400,GSBD,Goldman Sachs BDC Inc,은행,2.6279849460112192,18.26480003333333,-0.011366666666667413
2022-09-19,16.719999,16.92,16.700001,16.790001,15.804933,195000,GSBD,Goldman Sachs BDC Inc,은행,1.1188302559888896,18.242133366666668,-0.011333333333331197
2022-09-20,16.73,16.780001,16.540001,16.559999,15.588426,302500,GSBD,Goldman Sachs BDC Inc,은행,0.6902358282397048,18.21913336,-0.011500003333333453
2022-09-21,16.66,16.76,16.5,16.5,15.531946,282500,GSBD,Goldman Sachs BDC Inc,은행,1.911948703924926,18.195400033333335,-0.011866663333332639
2022-09-22,16.5,16.629999,16.219999,16.309999,15.353093,785700,GSBD,Goldman Sachs BDC Inc,은행,1.4594476779954846,18.16926669333333,-0.01306667000000239
2022-09-23,16.200001,16.33,16.01,16.299999,15.343679,1056200,GSBD,Goldman Sachs BDC Inc,은행,2.890894508163444,18.143466686666667,-0.012900003333331966
2022-09-26,16.23,16.370001,15.24,15.28,14.383523,1019600,GSBD,Goldman Sachs BDC Inc,은행,-2.4426805071157243,18.109733353333333,-0.01686666666666703
2022-09-27,15.59,15.99,15.27,15.52,14.609443,752800,GSBD,Goldman Sachs BDC Inc,은행,-0.6598724542417167,18.078466693333333,-0.01563333
2022-09-28,15.51,15.96,15.4,15.79,14.863603,515900,GSBD,Goldman Sachs BDC Inc,은행,-0.8740201004065806,18.048866693333334,-0.014799999999999258
2022-09-29,15.24,15.3,14.482,14.6,14.146584,611900,GSBD,Goldman Sachs BDC Inc,은행,-6.045124208931584,18.01240002666667,-0.01823333333333288
2022-09-30,14.55,14.87,14.45,14.45,14.001242,545600,GSBD,Goldman Sachs BDC Inc,은행,-5.368956900120969,17.976866686666664,-0.017766670000002094
2022-10-03,14.55,14.649,14.18,14.47,14.020621,498800,GSBD,Goldman Sachs BDC Inc,은행,-7.239542150025235,17.941600020000003,-0.017633333333330725
2022-10-04,14.73,15.4,14.73,15.3,14.824844,622800,GSBD,Goldman Sachs BDC Inc,은행,-4.551086973377661,17.913800026666667,-0.013899996666667747
2022-10-05,15.21,15.23,14.822,15.04,14.572919,275200,GSBD,Goldman Sachs BDC Inc,은행,-5.689577796587941,17.88246669333333,-0.01566666666666805
2022-10-06,15.07,15.182,14.72,14.8,14.340372,257400,GSBD,Goldman Sachs BDC Inc,은행,-5.883940321641468,17.849733366666666,-0.01636666333333281
2022-10-07,14.66,14.78,14.53,14.65,14.19503,379300,GSBD,Goldman Sachs BDC Inc,은행,-3.9517791958059822,17.818733373333334,-0.015499996666665794
2022-10-10,14.67,14.675,14.28,14.39,13.943106,284900,GSBD,Goldman Sachs BDC Inc,은행,-4.718469149573956,17.787400039999998,-0.01566666666666805
2022-10-11,14.31,14.46,14.04,14.39,13.943106,380400,GSBD,Goldman Sachs BDC Inc,은행,-3.7944440716114247,17.755933366666664,-0.015733336666666986
2022-10-12,14.43,14.62,14.26,14.57,14.117515,322500,GSBD,Goldman Sachs BDC Inc,은행,-2.020083835148312,17.7248667,-0.015533333333332067
2022-10-13,14.39,14.92,14.35,14.92,14.456646,420100,GSBD,Goldman Sachs BDC Inc,은행,-1.8519675495104804,17.695733360000002,-0.014566669999998894
2022-10-14,14.99,15.1,14.65,14.72,14.262857,308900,GSBD,Goldman Sachs BDC Inc,은행,-0.5177133818284774,17.665066693333333,-0.01533333333333431
2022-10-17,14.86,15.07,14.79,14.88,14.417888,382700,GSBD,Goldman Sachs BDC Inc,은행,-1.7218110474052084,17.637200033333336,-0.013933329999998634
2022-10-18,15.17,15.18,14.81,14.99,14.524471,470100,GSBD,Goldman Sachs BDC Inc,은행,-1.7977023438217388,17.6094667,-0.013866666666668692
2022-10-19,14.76,14.93,14.65,14.81,14.350062,564500,GSBD,Goldman Sachs BDC Inc,은행,-1.9120380666056036,17.580133373333332,-0.014666663333333219
2022-10-20,14.81,14.96,14.63,14.72,14.262857,324100,GSBD,Goldman Sachs BDC Inc,은행,-1.3348907788441666,17.547666706666664,-0.016233333333333988
2022-10-21,14.74,14.809,14.51,14.69,14.233788,339300,GSBD,Goldman Sachs BDC Inc,은행,-3.224579383784709,17.515200046666667,-0.016233329999998602
2022-10-24,14.71,14.829,14.563,14.75,14.291925,508900,GSBD,Goldman Sachs BDC Inc,은행,-3.61739835886149,17.482866713333333,-0.016166666666666885
2022-10-25,14.73,15.292,14.69,15.24,14.766707,406100,GSBD,Goldman Sachs BDC Inc,은행,-1.63593596328232,17.45173338,-0.015566666666666507
2022-10-26,15.3,15.41,15.18,15.28,14.805465,555900,GSBD,Goldman Sachs BDC Inc,은행,-0.32498228788420125,17.42133338,-0.015200000000000102
2022-10-27,15.45,15.64,15.31,15.32,14.844223,485700,GSBD,Goldman Sachs BDC Inc,은행,0.5307359154322899,17.390733379999997,-0.015300000000001646
2022-10-28,15.32,15.61,15.32,15.51,15.028323,931700,GSBD,Goldman Sachs BDC Inc,은행,-0.601415418787532,17.359666713333333,-0.015533333333332067
2022-10-31,15.55,15.64,15.41,15.46,14.979876,335100,GSBD,Goldman Sachs BDC Inc,은행,-0.2513572176184198,17.32900005333333,-0.0153333300000007
2022-11-01,15.57,15.63,15.37,15.47,14.989565,442700,GSBD,Goldman Sachs BDC Inc,은행,0.25441564451600396,17.29840006,-0.01529999666666626
2022-11-02,15.4,15.69,15.22,15.33,14.853912,441800,GSBD,Goldman Sachs BDC Inc,은행,1.7649103041496028,17.269466726666668,-0.014466666666665517
2022-11-03,15.17,15.46,15.1,15.4,14.921739,304600,GSBD,Goldman Sachs BDC Inc,은행,3.082223619320912,17.241400053333333,-0.014033336666667395
2022-11-04,15.75,16.09,15.378,15.65,15.163975,415900,GSBD,Goldman Sachs BDC Inc,은행,3.1869584568977594,17.21320006,-0.01409999666666728
2022-11-07,15.76,16.25,15.7,16.07,15.57093,759600,GSBD,Goldman Sachs BDC Inc,은행,4.637823066998403,17.188400053333336,-0.012400003333331355
2022-11-08,16.049999,16.059999,15.61,15.66,15.173664,529600,GSBD,Goldman Sachs BDC Inc,은행,1.2986612383616647,17.161133386666666,-0.013633333333334718
2022-11-09,15.7,15.98,15.59,15.64,15.154285,548900,GSBD,Goldman Sachs BDC Inc,은행,3.1894332133187264,17.13466671333333,-0.013233336666667483
2022-11-10,16.049999,16.18,15.66,15.83,15.338385,406800,GSBD,Goldman Sachs BDC Inc,은행,-0.963824856478257,17.10813338666667,-0.013266663333331152
2022-11-11,15.88,16.035,15.77,15.91,15.4159,327800,GSBD,Goldman Sachs BDC Inc,은행,-1.2235212707773502,17.080666713333333,-0.013733336666668094
2022-11-14,15.88,15.91,15.63,15.81,15.319006,436600,GSBD,Goldman Sachs BDC Inc,은행,-0.8972875743361031,17.05373338,-0.013466666666666072
2022-11-15,16.0,16.15,15.76,15.9,15.40621,459000,GSBD,Goldman Sachs BDC Inc,은행,-1.1372027924602346,17.027600046666667,-0.013066666666667004
2022-11-16,15.85,16.02,15.78,15.78,15.289937,309300,GSBD,Goldman Sachs BDC Inc,은행,-1.0400674799182275,16.998400046666667,-0.014599999999999724
2022-11-17,15.6,15.885,15.55,15.86,15.367453,269600,GSBD,Goldman Sachs BDC Inc,은행,-0.23407792984229125,16.970200046666665,-0.01410000000000089
2022-11-18,15.9,15.99,15.71,15.77,15.280249,264700,GSBD,Goldman Sachs BDC Inc,은행,-1.3465615639702055,16.941200040000002,-0.01450000333333179
2022-11-21,15.72,15.824,15.635,15.75,15.260869,399000,GSBD,Goldman Sachs BDC Inc,은행,-1.2138611394093224,16.911400046666667,-0.014899996666667192
2022-11-22,15.73,16.059999,15.73,15.86,15.367453,713800,GSBD,Goldman Sachs BDC Inc,은행,-1.8717319040342795,16.881600046666666,-0.014900000000000801
2022-11-23,15.86,15.97,15.51,15.57,15.086459,915900,GSBD,Goldman Sachs BDC Inc,은행,-4.086589873333823,16.85060005333333,-0.01549999666666757
2022-11-25,15.69,15.85,15.6,15.77,15.280249,132900,GSBD,Goldman Sachs BDC Inc,은행,-2.698001457200161,16.826266719999996,-0.012166666666667325
2022-11-28,15.7,15.77,15.24,15.31,14.834534,581300,GSBD,Goldman Sachs BDC Inc,은행,-3.9189531042549075,16.79873338,-0.013766669999997205
2022-11-29,15.3,15.44,15.225,15.3,14.824844,381700,GSBD,Goldman Sachs BDC Inc,은행,-3.6766530811383813,16.774066713333333,-0.012333333333334195
2022-11-30,15.31,15.52,15.14,15.49,15.008944,429200,GSBD,Goldman Sachs BDC Inc,은행,-5.1534386041121705,16.749733386666666,-0.012166663333333716
2022-12-01,15.59,15.85,15.42,15.43,14.950808,533200,GSBD,Goldman Sachs BDC Inc,은행,-5.092105964940618,16.723733386666666,-0.0129999999999999
2022-12-02,15.27,15.39,15.19,15.3,14.824844,371300,GSBD,Goldman Sachs BDC Inc,은행,-5.325427224548851,16.700600053333336,-0.01156666666666517
2022-12-05,15.26,15.3,14.83,14.98,14.514782,588000,GSBD,Goldman Sachs BDC Inc,은행,-5.133215579833717,16.677333393333335,-0.011633330000000441
2022-12-06,15.04,15.06,14.55,14.67,14.21441,997100,GSBD,Goldman Sachs BDC Inc,은행,-5.139486073780231,16.64926673333333,-0.014033330000001953
2022-12-07,14.65,14.72,14.41,14.5,14.049689,657600,GSBD,Goldman Sachs BDC Inc,은행,-5.576633240673656,16.618066733333333,-0.01559999999999917
2022-12-08,14.5,14.82,14.49,14.53,14.078757,409500,GSBD,Goldman Sachs BDC Inc,은행,-5.474640506358597,16.589733393333333,-0.014166669999999826
2022-12-09,14.64,14.69,14.43,14.61,14.156273,294700,GSBD,Goldman Sachs BDC Inc,은행,-3.8939800963380455,16.56086672,-0.014433336666666463
2022-12-12,14.58,14.667,14.51,14.58,14.127205,512900,GSBD,Goldman Sachs BDC Inc,은행,-5.034888684655403,16.53720006,-0.011833329999999975
2022-12-13,14.81,14.84,14.54,14.59,14.136894,489700,GSBD,Goldman Sachs BDC Inc,은행,-5.207173739590843,16.51120006,-0.0129999999999999
2022-12-14,14.59,14.748,14.51,14.59,14.136894,684800,GSBD,Goldman Sachs BDC Inc,은행,-4.215344109436325,16.487000066666667,-0.012099996666666613
2022-12-15,14.54,14.72,14.47,14.47,14.020621,709300,GSBD,Goldman Sachs BDC Inc,은행,-2.226689589436459,16.465066733333334,-0.010966666666666569
2022-12-16,14.43,14.45,14.08,14.14,13.70087,803200,GSBD,Goldman Sachs BDC Inc,은행,-2.935509198504782,16.43966672666667,-0.012700003333332432
2022-12-19,14.15,14.225,13.87,13.97,13.536149,1048000,GSBD,Goldman Sachs BDC Inc,은행,-2.8226774497433715,16.411133393333333,-0.01426666666666776
2022-12-20,13.97,14.17,13.9,14.15,13.710558,666900,GSBD,Goldman Sachs BDC Inc,은행,-1.2993445622454192,16.381933386666667,-0.014600003333333333
2022-12-21,14.26,14.44,14.21,14.24,13.797764,610200,GSBD,Goldman Sachs BDC Inc,은행,-1.7471358647574875,16.35673338666667,-0.012599999999999056
2022-12-22,14.14,14.28,13.95,14.27,13.826833,827200,GSBD,Goldman Sachs BDC Inc,은행,0.08158348274012184,16.33273338,-0.012000003333334064
2022-12-23,14.21,14.62,14.21,14.57,14.117515,579900,GSBD,Goldman Sachs BDC Inc,은행,1.7632633242770979,16.314400046666666,-0.009166666666667211
2022-12-27,14.57,14.71,14.47,14.68,14.224099,1303600,GSBD,Goldman Sachs BDC Inc,은행,2.9880991550470304,16.294200053333334,-0.010099996666665945
2022-12-28,14.65,14.8,14.47,14.49,14.039999,1489600,GSBD,Goldman Sachs BDC Inc,은행,2.941585543477032,16.27393338,-0.010133336666667603
2022-12-29,14.07,14.11,13.885,13.93,13.93,1301100,GSBD,Goldman Sachs BDC Inc,은행,-2.5024992098739207,16.248733386666668,-0.012599996666665447
2022-12-30,13.86,13.97,13.54,13.72,13.72,2087600,GSBD,Goldman Sachs BDC Inc,은행,-3.452425749049093,16.220266719999998,-0.014233333333335096
2023-01-03,13.81,14.03,13.78,13.97,13.97,552200,GSBD,Goldman Sachs BDC Inc,은행,-1.1587329146432679,16.191733386666666,-0.014266666666665984
2023-01-04,14.08,14.27,14.025,14.26,14.26,546800,GSBD,Goldman Sachs BDC Inc,은행,0.19921181382258624,16.16620005333333,-0.012766666666667703
2023-01-05,14.22,14.32,14.15,14.3,14.3,330200,GSBD,Goldman Sachs BDC Inc,은행,1.6188239600798182,16.139666713333337,-0.013266669999996594
2023-01-06,14.38,14.42,14.2,14.24,14.24,455000,GSBD,Goldman Sachs BDC Inc,은행,-1.0270792259520434,16.11233338,-0.013666666666669158
2023-01-09,14.38,14.439,14.3,14.36,14.36,322700,GSBD,Goldman Sachs BDC Inc,은행,-0.14825050520090866,16.086733373333335,-0.0128000033333322
2023-01-10,14.41,14.43,14.28,14.38,14.38,202100,GSBD,Goldman Sachs BDC Inc,은행,-0.6424781141757263,16.060333373333336,-0.013199999999999434
2023-01-11,14.38,14.68,14.38,14.6,14.6,762000,GSBD,Goldman Sachs BDC Inc,은행,-0.43496597796160996,16.035800033333334,-0.012266670000000701
2023-01-12,14.69,14.93,14.59,14.92,14.92,464500,GSBD,Goldman Sachs BDC Inc,은행,1.2418199450944245,16.0142667,-0.010766666666667035
2023-01-13,14.79,14.96,14.728,14.86,14.86,426100,GSBD,Goldman Sachs BDC Inc,은행,0.3463746718136873,15.993666693333331,-0.010300003333334473
2023-01-17,14.97,15.05,14.86,15.0,15.0,432200,GSBD,Goldman Sachs BDC Inc,은행,1.4373424699339665,15.974400033333332,-0.009633329999999773
2023-01-18,15.05,15.17,14.78,14.84,14.84,409600,GSBD,Goldman Sachs BDC Inc,은행,1.7952535005624437,15.959600039999998,-0.007399996666666908
2023-01-19,14.76,14.8,14.495,14.6,14.6,357800,GSBD,Goldman Sachs BDC Inc,은행,0.8038496923334026,15.942466706666668,-0.008566666666665057
2023-01-20,14.65,14.99,14.525,14.91,14.91,666800,GSBD,Goldman Sachs BDC Inc,은행,0.9640886937748672,15.92700004,-0.007733333333334258
2023-01-23,15.01,15.38,14.98,15.38,15.38,553900,GSBD,Goldman Sachs BDC Inc,은행,2.710449481937882,15.919333366666667,-0.0038333366666662982
2023-01-24,15.36,15.515,15.22,15.29,15.29,332200,GSBD,Goldman Sachs BDC Inc,은행,2.081949002448602,15.909666699999997,-0.004833333333334799
2023-01-25,15.25,15.46,15.14,15.42,15.42,383600,GSBD,Goldman Sachs BDC Inc,은행,2.899714790501573,15.899133366666666,-0.0052666666666656425
2023-01-26,15.5,15.62,15.36,15.5,15.5,401000,GSBD,Goldman Sachs BDC Inc,은행,2.3297585355831263,15.888733373333334,-0.005199996666665818
2023-01-27,15.56,15.86,15.54,15.72,15.72,606600,GSBD,Goldman Sachs BDC Inc,은행,3.4797915597184925,15.880333373333336,-0.004199999999999093
2023-01-30,15.62,15.7,15.435,15.44,15.44,399200,GSBD,Goldman Sachs BDC Inc,은행,2.663862033856801,15.867200039999998,-0.00656666666666883
2023-01-31,15.52,15.78,15.46,15.61,15.61,510100,GSBD,Goldman Sachs BDC Inc,은행,1.9480304292219586,15.853533373333333,-0.006833333333332803
2023-02-01,15.63,15.98,15.63,15.96,15.96,412600,GSBD,Goldman Sachs BDC Inc,은행,2.8524834387190445,15.8430667,-0.005233336666666588
2023-02-02,16.0,16.1,15.759,15.86,15.86,550000,GSBD,Goldman Sachs BDC Inc,은행,0.6026511840323545,15.836333360000001,-0.003366669999999239
2023-02-03,15.85,16.028,15.72,15.85,15.85,586400,GSBD,Goldman Sachs BDC Inc,은행,1.488091466376762,15.830000033333333,-0.003166663333334263
2023-02-06,15.81,15.97,15.569,15.88,15.88,374000,GSBD,Goldman Sachs BDC Inc,은행,2.0289303198375075,15.823200033333332,-0.0034000000000000696
2023-02-07,15.85,15.92,15.64,15.75,15.75,390100,GSBD,Goldman Sachs BDC Inc,은행,-0.21479107183205448,15.815333366666668,-0.003933333333332456
2023-02-08,15.66,15.72,15.365,15.41,15.41,513600,GSBD,Goldman Sachs BDC Inc,은행,-1.3701274693522336,15.807133373333333,-0.004099996666667494
2023-02-09,15.5,15.62,15.1,15.17,15.17,323100,GSBD,Goldman Sachs BDC Inc,은행,-2.091360095561501,15.7958667,-0.005633336666666544
2023-02-10,15.17,15.49,15.11,15.48,15.48,465300,GSBD,Goldman Sachs BDC Inc,은행,-0.3601671934550854,15.786600026666669,-0.004633336666665322
2023-02-13,15.5,15.625,15.405,15.54,15.54,362100,GSBD,Goldman Sachs BDC Inc,은행,-1.158518943075948,15.780000020000001,-0.003300003333333912
2023-02-14,15.5,15.63,15.46,15.55,15.55,267200,GSBD,Goldman Sachs BDC Inc,은행,-1.0685628035653982,15.773266693333335,-0.003366663333332909
2023-02-15,15.47,15.61,15.39,15.61,15.61,272100,GSBD,Goldman Sachs BDC Inc,은행,-0.9438188775305112,15.769000026666665,-0.0021333333333348747
2023-02-16,15.48,15.73,15.477,15.6,15.6,445800,GSBD,Goldman Sachs BDC Inc,은행,0.2855943903763203,15.766400026666666,-0.0012999999999996348
2023-02-17,15.6,15.695,15.52,15.67,15.67,252300,GSBD,Goldman Sachs BDC Inc,은행,0.8979496786740482,15.762733366666664,-0.0018333300000010766
2023-02-21,15.61,15.667,15.24,15.39,15.39,430000,GSBD,Goldman Sachs BDC Inc,은행,1.0897804367558717,15.75653336666667,-0.003099999999997216
2023-02-22,15.36,15.679,15.36,15.55,15.55,377300,GSBD,Goldman Sachs BDC Inc,은행,2.181196580217848,15.749133366666666,-0.003700000000002035
2023-02-23,15.66,15.86,15.636,15.76,15.76,380800,GSBD,Goldman Sachs BDC Inc,은행,2.892773036966334,15.743133366666667,-0.0029999999999992255
2023-02-24,15.9,16.32,15.77,15.88,15.88,553200,GSBD,Goldman Sachs BDC Inc,은행,4.5303095121601356,15.737666693333335,-0.0027333366666661973
2023-02-27,16.0,16.52,16.0,16.4,16.4,590600,GSBD,Goldman Sachs BDC Inc,은행,7.263123542285377,15.735866693333332,-0.0009000000000014552
2023-02-28,16.440001,16.440001,15.936,15.97,15.97,489500,GSBD,Goldman Sachs BDC Inc,은행,4.524356908635907,15.731533353333335,-0.002166669999998483
2023-03-01,15.98,16.135,15.89,15.93,15.93,298500,GSBD,Goldman Sachs BDC Inc,은행,4.482914045670405,15.726000019999999,-0.0027666666666679163
2023-03-02,15.87,16.069,15.86,16.02,16.02,267300,GSBD,Goldman Sachs BDC Inc,은행,4.081251373538408,15.717733353333333,-0.004133333333332878
