Date,Open,High,Low,Close,Adj Close,Volume,Symbol,Name,Industry,RS,150MA,MA150_Slope
2021-03-04,14.87,14.96,14.85,14.91,13.633191,100400,MUI,BlackRock Municipal Income Fund,다양한 금융서비스,,,
2021-03-05,14.94,14.97,14.85,14.88,13.605762,50400,MUI,BlackRock Municipal Income Fund,다양한 금융서비스,,,
2021-03-08,14.85,14.96,14.85,14.93,13.65148,31800,MUI,BlackRock Municipal Income Fund,다양한 금융서비스,,,
2021-03-09,14.92,15.01,14.91,15.0,13.715485,47000,MUI,BlackRock Municipal Income Fund,다양한 금융서비스,,,
2021-03-10,15.01,15.06,15.01,15.05,13.761204,57800,MUI,BlackRock Municipal Income Fund,다양한 금융서비스,,,
2021-03-11,15.11,15.16,15.04,15.16,13.861781,40200,MUI,BlackRock Municipal Income Fund,다양한 금융서비스,,,
2021-03-12,15.08,15.14,15.0,15.07,13.828747,88400,MUI,BlackRock Municipal Income Fund,다양한 금융서비스,,,
2021-03-15,15.08,15.11,15.02,15.04,13.80122,49200,MUI,BlackRock Municipal Income Fund,다양한 금융서비스,,,
2021-03-16,15.05,15.08,15.0,15.03,13.792042,50800,MUI,BlackRock Municipal Income Fund,다양한 금융서비스,,,
2021-03-17,15.03,15.08,14.88,14.89,13.663573,43500,MUI,BlackRock Municipal Income Fund,다양한 금융서비스,,,
2021-03-18,14.85,14.9,14.82,14.85,13.626871,52600,MUI,BlackRock Municipal Income Fund,다양한 금융서비스,,,
2021-03-19,14.91,14.91,14.78,14.87,13.645223,39600,MUI,BlackRock Municipal Income Fund,다양한 금융서비스,,,
2021-03-22,14.89,14.94,14.75,14.76,13.544284,51400,MUI,BlackRock Municipal Income Fund,다양한 금융서비스,,,
2021-03-23,14.8,14.84,14.74,14.79,13.571813,35300,MUI,BlackRock Municipal Income Fund,다양한 금융서비스,,,
2021-03-24,14.83,14.85,14.64,14.7,13.489223,80000,MUI,BlackRock Municipal Income Fund,다양한 금융서비스,,,
2021-03-25,14.67,14.73,14.65,14.66,13.452518,41600,MUI,BlackRock Municipal Income Fund,다양한 금융서비스,,,
2021-03-26,14.66,14.85,14.66,14.79,13.571813,70500,MUI,BlackRock Municipal Income Fund,다양한 금융서비스,,,
2021-03-29,14.82,14.88,14.79,14.86,13.636045,26600,MUI,BlackRock Municipal Income Fund,다양한 금융서비스,,,
2021-03-30,14.85,14.97,14.85,14.94,13.709455,48600,MUI,BlackRock Municipal Income Fund,다양한 금융서비스,,,
2021-03-31,14.97,15.04,14.93,15.04,13.80122,66300,MUI,BlackRock Municipal Income Fund,다양한 금융서비스,-0.5596714136435366,,
2021-04-01,15.14,15.14,15.05,15.13,13.883804,58600,MUI,BlackRock Municipal Income Fund,다양한 금융서비스,-0.8828628282757656,,
2021-04-05,15.17,15.34,15.11,15.14,13.892985,61900,MUI,BlackRock Municipal Income Fund,다양한 금융서비스,-2.0221173624665356,,
2021-04-06,15.15,15.18,15.03,15.13,13.883804,116800,MUI,BlackRock Municipal Income Fund,다양한 금융서비스,-1.7409974844637244,,
2021-04-07,15.15,15.24,15.07,15.24,13.984746,68500,MUI,BlackRock Municipal Income Fund,다양한 금융서비스,-0.995359480105229,,
2021-04-08,15.24,15.26,15.19,15.21,13.957218,27100,MUI,BlackRock Municipal Income Fund,다양한 금융서비스,-1.4123891391771615,,
2021-04-09,15.24,15.3,15.03,15.04,13.80122,103000,MUI,BlackRock Municipal Income Fund,다양한 금융서비스,-2.9962106147444656,,
2021-04-12,15.08,15.13,15.05,15.08,13.837924,32200,MUI,BlackRock Municipal Income Fund,다양한 금융서비스,-2.5003712968503122,,
2021-04-13,15.1,15.16,15.05,15.09,13.8471,83600,MUI,BlackRock Municipal Income Fund,다양한 금융서비스,-2.5663865275958764,,
2021-04-14,15.06,15.16,15.03,15.07,13.878413,66900,MUI,BlackRock Municipal Income Fund,다양한 금융서비스,-2.1139174879568734,,
2021-04-15,15.09,15.17,15.09,15.1,13.906038,82700,MUI,BlackRock Municipal Income Fund,다양한 금융서비스,-2.831233019082846,,
2021-04-16,15.16,15.2,15.11,15.12,13.92446,31900,MUI,BlackRock Municipal Income Fund,다양한 금융서비스,-2.817464237460854,,
2021-04-19,15.15,15.15,15.1,15.12,13.92446,46100,MUI,BlackRock Municipal Income Fund,다양한 금융서비스,-2.077350084665186,,
2021-04-20,15.13,15.13,15.06,15.09,13.89683,63800,MUI,BlackRock Municipal Income Fund,다양한 금융서비스,-1.474471302875846,,
2021-04-21,15.11,15.14,15.06,15.08,13.887624,52500,MUI,BlackRock Municipal Income Fund,다양한 금융서비스,-2.224849320179212,,
2021-04-22,15.1,15.18,15.08,15.14,13.942879,38100,MUI,BlackRock Municipal Income Fund,다양한 금융서비스,-0.7644129559039037,,
2021-04-23,15.1,15.19,15.06,15.13,13.933666,55000,MUI,BlackRock Municipal Income Fund,다양한 금융서비스,-1.728450326802189,,
2021-04-26,15.14,15.28,15.13,15.28,14.071807,47600,MUI,BlackRock Municipal Income Fund,다양한 금융서비스,-0.8333677482232904,,
2021-04-27,15.26,15.29,15.25,15.25,14.044179,54200,MUI,BlackRock Municipal Income Fund,다양한 금융서비스,-0.8726625968464741,,
2021-04-28,15.24,15.26,15.23,15.26,14.05339,61900,MUI,BlackRock Municipal Income Fund,다양한 금융서비스,-0.5529911110608965,,
2021-04-29,15.27,15.3,15.08,15.15,13.952085,80000,MUI,BlackRock Municipal Income Fund,다양한 금융서비스,-1.6806496439011331,,
2021-04-30,15.25,15.25,15.07,15.09,13.89683,71900,MUI,BlackRock Municipal Income Fund,다양한 금융서비스,-1.1512878154247397,,
2021-05-03,15.19,15.32,15.17,15.29,14.081017,117300,MUI,BlackRock Municipal Income Fund,다양한 금융서비스,-0.02551893616771217,,
2021-05-04,15.31,15.37,15.18,15.26,14.05339,115700,MUI,BlackRock Municipal Income Fund,다양한 금융서비스,0.5176134525599618,,
2021-05-05,15.26,15.4,15.21,15.35,14.136272,149700,MUI,BlackRock Municipal Income Fund,다양한 금융서비스,1.1116999306333364,,
2021-05-06,15.4,15.42,15.31,15.36,14.145482,73200,MUI,BlackRock Municipal Income Fund,다양한 금융서비스,0.43611028487300363,,
2021-05-07,15.4,15.47,15.39,15.43,14.209949,54400,MUI,BlackRock Municipal Income Fund,다양한 금융서비스,0.15148386777610323,,
2021-05-10,15.45,15.53,15.43,15.52,14.292831,50400,MUI,BlackRock Municipal Income Fund,다양한 금융서비스,1.7248442155670674,,
2021-05-11,15.53,15.57,15.4,15.4,14.182322,69400,MUI,BlackRock Municipal Income Fund,다양한 금융서비스,1.7301257380976764,,
2021-05-12,15.46,15.5,15.32,15.46,14.237577,65200,MUI,BlackRock Municipal Income Fund,다양한 금융서비스,4.148801586823958,,
2021-05-13,15.37,15.49,15.14,15.21,14.056439,131200,MUI,BlackRock Municipal Income Fund,다양한 금융서비스,1.1247292308289358,,
2021-05-14,15.3,15.4,15.14,15.18,14.028716,60900,MUI,BlackRock Municipal Income Fund,다양한 금융서비스,-0.5914008140995186,,
2021-05-17,15.24,15.35,15.1,15.14,13.991751,72500,MUI,BlackRock Municipal Income Fund,다양한 금융서비스,-0.608354032099867,,
2021-05-18,15.15,15.21,15.15,15.15,14.00099,71400,MUI,BlackRock Municipal Income Fund,다양한 금융서비스,0.2831440963004139,,
2021-05-19,15.15,15.2,15.12,15.2,14.047199,70000,MUI,BlackRock Municipal Income Fund,다양한 금융서비스,0.8011724628876671,,
2021-05-20,15.21,15.39,15.19,15.35,14.185823,93600,MUI,BlackRock Municipal Income Fund,다양한 금융서비스,0.6925334145275963,,
2021-05-21,15.39,15.59,15.39,15.46,14.28748,69700,MUI,BlackRock Municipal Income Fund,다양한 금융서비스,1.3546055375858401,,
2021-05-24,15.54,15.64,15.33,15.36,14.195064,68900,MUI,BlackRock Municipal Income Fund,다양한 금융서비스,-0.3040027785641053,,
2021-05-25,15.43,15.52,15.35,15.52,14.34293,77100,MUI,BlackRock Municipal Income Fund,다양한 금융서비스,0.862159746918123,,
2021-05-26,15.58,15.58,15.52,15.55,14.370654,79400,MUI,BlackRock Municipal Income Fund,다양한 금융서비스,0.7882923503421679,,
2021-05-27,15.53,15.6,15.53,15.57,14.389138,55200,MUI,BlackRock Municipal Income Fund,다양한 금융서비스,0.6512073439163046,,
2021-05-28,15.56,15.68,15.56,15.68,14.490796,69300,MUI,BlackRock Municipal Income Fund,다양한 금융서비스,1.118771497091564,,
2021-06-01,15.68,15.68,15.62,15.64,14.453829,50800,MUI,BlackRock Municipal Income Fund,다양한 금융서비스,0.8077980659300099,,
2021-06-02,15.68,15.68,15.58,15.66,14.472311,65000,MUI,BlackRock Municipal Income Fund,다양한 금융서비스,0.7128406555704236,,
2021-06-03,15.68,15.69,15.57,15.69,14.500036,92300,MUI,BlackRock Municipal Income Fund,다양한 금융서비스,1.1926147597064451,,
2021-06-04,15.74,15.74,15.59,15.62,14.435347,66100,MUI,BlackRock Municipal Income Fund,다양한 금융서비스,-0.19099235389725688,,
2021-06-07,15.64,15.65,15.58,15.63,14.444587,53600,MUI,BlackRock Municipal Income Fund,다양한 금융서비스,-0.1184103037078943,,
2021-06-08,15.61,15.65,15.56,15.57,14.389138,37200,MUI,BlackRock Municipal Income Fund,다양한 금융서비스,-0.4893998173929215,,
2021-06-09,15.56,15.68,15.56,15.65,14.46307,38900,MUI,BlackRock Municipal Income Fund,다양한 금융서비스,0.20470832498908909,,
2021-06-10,15.61,15.7,15.61,15.64,14.453829,47200,MUI,BlackRock Municipal Income Fund,다양한 금융서비스,-0.16708933858281538,,
2021-06-11,15.68,15.7,15.6,15.7,14.509278,53100,MUI,BlackRock Municipal Income Fund,다양한 금융서비스,0.023907659844990548,,
2021-06-14,15.65,15.68,15.59,15.62,14.485167,62100,MUI,BlackRock Municipal Income Fund,다양한 금융서비스,-0.7116417958480614,,
2021-06-15,15.63,15.65,15.52,15.52,14.392433,48400,MUI,BlackRock Municipal Income Fund,다양한 금융서비스,-1.1726898998632551,,
2021-06-16,15.52,15.56,15.44,15.46,14.336792,52900,MUI,BlackRock Municipal Income Fund,다양한 금융서비스,-1.007980504215955,,
2021-06-17,15.43,15.53,15.43,15.5,14.373889,48800,MUI,BlackRock Municipal Income Fund,다양한 금융서비스,-0.6792812992704511,,
2021-06-18,15.49,15.56,15.45,15.54,14.410976,55100,MUI,BlackRock Municipal Income Fund,다양한 금융서비스,0.8479569147445742,,
2021-06-21,15.55,15.59,15.42,15.48,14.355338,59800,MUI,BlackRock Municipal Income Fund,다양한 금융서비스,-0.8536340643850671,,
2021-06-22,15.49,15.6,15.48,15.54,14.410976,56600,MUI,BlackRock Municipal Income Fund,다양한 금융서비스,-0.9765516517935335,,
2021-06-23,15.53,15.6,15.53,15.58,14.448072,16400,MUI,BlackRock Municipal Income Fund,다양한 금융서비스,-0.5699092933920569,,
2021-06-24,15.64,15.64,15.6,15.62,14.485167,33800,MUI,BlackRock Municipal Income Fund,다양한 금융서비스,-0.8304066503741714,,
2021-06-25,15.62,15.66,15.58,15.63,14.494441,16700,MUI,BlackRock Municipal Income Fund,다양한 금융서비스,-1.0224704707286314,,
2021-06-28,15.63,15.65,15.59,15.62,14.485167,35700,MUI,BlackRock Municipal Income Fund,다양한 금융서비스,-1.1948267790027334,,
2021-06-29,15.61,15.7,15.6,15.64,14.503716,72500,MUI,BlackRock Municipal Income Fund,다양한 금융서비스,-0.9911577473108224,,
2021-06-30,15.63,15.69,15.62,15.64,14.503716,52700,MUI,BlackRock Municipal Income Fund,다양한 금융서비스,-1.012147440055855,,
2021-07-01,15.64,15.7,15.63,15.63,14.494441,47700,MUI,BlackRock Municipal Income Fund,다양한 금융서비스,-1.4230941791628204,,
2021-07-02,15.65,15.8,15.63,15.78,14.633543,60400,MUI,BlackRock Municipal Income Fund,다양한 금융서비스,-1.1275122056514153,,
2021-07-06,15.77,15.86,15.77,15.84,14.689183,37300,MUI,BlackRock Municipal Income Fund,다양한 금융서비스,-0.48090971995100595,,
2021-07-07,15.86,15.92,15.8,15.88,14.726276,61200,MUI,BlackRock Municipal Income Fund,다양한 금융서비스,-0.5100190018407669,,
2021-07-08,15.91,16.02,15.88,15.98,14.819012,66100,MUI,BlackRock Municipal Income Fund,다양한 금융서비스,0.9955452343376248,,
2021-07-09,16.02,16.02,15.93,15.96,14.800466,48500,MUI,BlackRock Municipal Income Fund,다양한 금융서비스,-0.20556604682733237,,
2021-07-12,15.92,16.02,15.92,16.02,14.856107,41900,MUI,BlackRock Municipal Income Fund,다양한 금융서비스,-0.11668679695180373,,
2021-07-13,16.049999,16.23,16.01,16.110001,14.939569,71700,MUI,BlackRock Municipal Income Fund,다양한 금융서비스,0.7764722822322323,,
2021-07-14,16.18,16.18,15.87,15.9,14.794414,113100,MUI,BlackRock Municipal Income Fund,다양한 금융서비스,-0.6259971461615943,,
2021-07-15,15.95,15.95,15.63,15.63,14.543191,61900,MUI,BlackRock Municipal Income Fund,다양한 금융서비스,-1.8925623047323037,,
2021-07-16,15.62,15.76,15.62,15.74,14.64554,48400,MUI,BlackRock Municipal Income Fund,다양한 금융서비스,-0.4054564733820265,,
2021-07-19,15.74,15.76,15.58,15.58,14.496665,44800,MUI,BlackRock Municipal Income Fund,다양한 금융서비스,0.26958798974199283,,
2021-07-20,15.64,15.71,15.57,15.6,14.515272,23200,MUI,BlackRock Municipal Income Fund,다양한 금융서비스,-1.0259418318322333,,
2021-07-21,15.68,15.69,15.57,15.66,14.571099,54200,MUI,BlackRock Municipal Income Fund,다양한 금융서비스,-1.3672037869368325,,
2021-07-22,15.62,15.67,15.53,15.64,14.552496,30300,MUI,BlackRock Municipal Income Fund,다양한 금융서비스,-1.5672293472142829,,
2021-07-23,15.68,15.87,15.6,15.84,14.738586,45800,MUI,BlackRock Municipal Income Fund,다양한 금융서비스,-1.213753878693724,,
2021-07-26,15.83,15.95,15.83,15.95,14.840937,37600,MUI,BlackRock Municipal Income Fund,다양한 금융서비스,-0.7032795863422203,,
2021-07-27,15.91,16.1,15.91,15.92,14.813025,46400,MUI,BlackRock Municipal Income Fund,다양한 금융서비스,-0.38852348198366027,,
2021-07-28,15.91,16.02,15.87,15.96,14.850244,45800,MUI,BlackRock Municipal Income Fund,다양한 금융서비스,-0.09568380971672896,,
2021-07-29,15.92,15.99,15.92,15.95,14.840937,44400,MUI,BlackRock Municipal Income Fund,다양한 금융서비스,-0.5353262199636721,,
2021-07-30,15.93,16.09,15.93,16.01,14.896766,54300,MUI,BlackRock Municipal Income Fund,다양한 금융서비스,0.34768950133416965,,
2021-08-02,16.07,16.07,15.89,15.91,14.80372,71900,MUI,BlackRock Municipal Income Fund,다양한 금융서비스,-0.09616386251549702,,
2021-08-03,15.88,15.91,15.86,15.89,14.785108,75900,MUI,BlackRock Municipal Income Fund,다양한 금융서비스,-0.9594930969134552,,
2021-08-04,15.84,15.95,15.81,15.84,14.738586,67100,MUI,BlackRock Municipal Income Fund,다양한 금융서비스,-0.7488067313032976,,
2021-08-05,15.85,15.88,15.76,15.79,14.692064,72800,MUI,BlackRock Municipal Income Fund,다양한 금융서비스,-1.4715420626960962,,
2021-08-06,15.75,15.82,15.73,15.76,14.66415,56200,MUI,BlackRock Municipal Income Fund,다양한 금융서비스,-1.6870631307329687,,
2021-08-09,15.74,15.82,15.74,15.82,14.719976,66000,MUI,BlackRock Municipal Income Fund,다양한 금융서비스,-1.1043484700025252,,
2021-08-10,15.77,15.86,15.75,15.81,14.710673,43800,MUI,BlackRock Municipal Income Fund,다양한 금융서비스,-1.095313371471096,,
2021-08-11,15.83,15.86,15.75,15.79,14.692064,45400,MUI,BlackRock Municipal Income Fund,다양한 금융서비스,-1.2359644306547457,,
2021-08-12,15.82,15.84,15.75,15.77,14.673455,50500,MUI,BlackRock Municipal Income Fund,다양한 금융서비스,-1.700598968509015,,
2021-08-13,15.75,15.76,15.71,15.71,14.667852,43300,MUI,BlackRock Municipal Income Fund,다양한 금융서비스,-2.0664824145208316,,
2021-08-16,15.76,15.84,15.72,15.82,14.770555,53100,MUI,BlackRock Municipal Income Fund,다양한 금융서비스,-1.464145607655487,,
2021-08-17,15.83,15.94,15.78,15.89,14.83591,67900,MUI,BlackRock Municipal Income Fund,다양한 금융서비스,-0.2739642024985889,,
2021-08-18,15.89,15.98,15.78,15.78,14.733209,52700,MUI,BlackRock Municipal Income Fund,다양한 금융서비스,0.1210550109902675,,
2021-08-19,15.81,15.91,15.81,15.88,14.826573,30800,MUI,BlackRock Municipal Income Fund,다양한 금융서비스,0.596317910881794,,
2021-08-20,15.83,15.9,15.76,15.76,14.714535,81100,MUI,BlackRock Municipal Income Fund,다양한 금융서비스,-0.911810920109557,,
2021-08-23,15.79,15.84,15.67,15.67,14.630504,126800,MUI,BlackRock Municipal Income Fund,다양한 금융서비스,-2.1620147017354263,,
2021-08-24,15.71,15.73,15.65,15.65,14.611833,82500,MUI,BlackRock Municipal Income Fund,다양한 금융서비스,-2.257140225623222,,
2021-08-25,15.66,15.68,15.65,15.68,14.639844,40300,MUI,BlackRock Municipal Income Fund,다양한 금융서비스,-2.095580448840728,,
2021-08-26,15.66,15.68,15.55,15.59,14.555814,72400,MUI,BlackRock Municipal Income Fund,다양한 금융서비스,-1.9197919114151363,,
2021-08-27,15.55,15.86,15.55,15.86,14.8079,74800,MUI,BlackRock Municipal Income Fund,다양한 금융서비스,-0.917542650863723,,
2021-08-30,15.79,15.86,15.71,15.74,14.695862,75000,MUI,BlackRock Municipal Income Fund,다양한 금융서비스,-1.8802560460400741,,
2021-08-31,15.79,15.79,15.68,15.72,14.677188,83500,MUI,BlackRock Municipal Income Fund,다양한 금융서비스,-1.7107066938856441,,
2021-09-01,15.77,15.85,15.72,15.81,14.761218,100500,MUI,BlackRock Municipal Income Fund,다양한 금융서비스,-1.0343787539420335,,
2021-09-02,15.8,15.85,15.77,15.82,14.770555,65100,MUI,BlackRock Municipal Income Fund,다양한 금융서비스,-1.143114183678129,,
2021-09-03,15.78,15.93,15.75,15.89,14.83591,84800,MUI,BlackRock Municipal Income Fund,다양한 금융서비스,-0.6036480580848047,,
2021-09-07,15.87,15.95,15.75,15.77,14.723872,37100,MUI,BlackRock Municipal Income Fund,다양한 금융서비스,-0.9053087320482822,,
2021-09-08,15.85,15.99,15.82,15.97,14.910604,57900,MUI,BlackRock Municipal Income Fund,다양한 금융서비스,0.5204683854356462,,
2021-09-09,15.94,15.98,15.85,15.86,14.8079,60300,MUI,BlackRock Municipal Income Fund,다양한 금융서비스,0.3251373560715365,,
2021-09-10,15.94,15.94,15.82,15.82,14.770555,32500,MUI,BlackRock Municipal Income Fund,다양한 금융서비스,0.8323134758241313,,
2021-09-13,15.85,15.95,15.85,15.92,14.863922,25900,MUI,BlackRock Municipal Income Fund,다양한 금융서비스,1.1724867511468728,,
2021-09-14,15.89,15.9,15.83,15.89,14.886406,32300,MUI,BlackRock Municipal Income Fund,다양한 금융서비스,1.5007917942344795,,
2021-09-15,15.86,16.0,15.86,16.0,14.989458,41600,MUI,BlackRock Municipal Income Fund,다양한 금융서비스,1.3467420709421418,,
2021-09-16,15.94,16.02,15.94,15.99,14.980088,58200,MUI,BlackRock Municipal Income Fund,다양한 금융서비스,1.4579699919740507,,
2021-09-17,15.95,16.09,15.95,16.030001,15.017564,56800,MUI,BlackRock Municipal Income Fund,다양한 금융서비스,2.6298975424224214,,
2021-09-20,16.02,16.030001,15.95,16.0,14.989458,22000,MUI,BlackRock Municipal Income Fund,다양한 금융서비스,4.0247803632529555,,
2021-09-21,15.95,16.030001,15.93,15.97,14.961352,57000,MUI,BlackRock Municipal Income Fund,다양한 금융서비스,3.6650935827055253,,
2021-09-22,15.94,16.02,15.91,15.95,14.942616,27400,MUI,BlackRock Municipal Income Fund,다양한 금융서비스,2.3562301744872505,,
2021-09-23,15.98,16.030001,15.86,15.86,14.858301,63800,MUI,BlackRock Municipal Income Fund,다양한 금융서비스,0.44867603607257056,,
2021-09-24,15.87,15.89,15.75,15.8,14.80209,33300,MUI,BlackRock Municipal Income Fund,다양한 금융서비스,-0.1596056477316976,,
2021-09-27,15.75,15.77,15.6,15.75,14.755246,70900,MUI,BlackRock Municipal Income Fund,다양한 금융서비스,-0.23736097905406872,,
2021-09-28,15.68,15.7,15.24,15.26,14.296196,96100,MUI,BlackRock Municipal Income Fund,다양한 금융서비스,-1.3739656965070512,,
2021-09-29,15.22,15.51,15.22,15.3,14.333669,70100,MUI,BlackRock Municipal Income Fund,다양한 금융서비스,-1.3172760608632927,,
2021-09-30,15.32,15.4,15.21,15.21,14.249352,81000,MUI,BlackRock Municipal Income Fund,다양한 금융서비스,-0.7660818772337041,,
2021-10-01,15.28,15.36,15.17,15.2,14.239985,57500,MUI,BlackRock Municipal Income Fund,다양한 금융서비스,-1.9602907843372375,,
2021-10-04,15.23,15.33,15.2,15.23,14.268091,35000,MUI,BlackRock Municipal Income Fund,다양한 금융서비스,-0.52741255263411,,
2021-10-05,15.27,15.35,15.18,15.21,14.249352,53700,MUI,BlackRock Municipal Income Fund,다양한 금융서비스,-1.7079717060562327,15.493400013333334,
2021-10-06,15.23,15.33,15.19,15.29,14.324303,51000,MUI,BlackRock Municipal Income Fund,다양한 금융서비스,-1.5479960433548934,15.495933346666668,0.0012666666666669713
2021-10-07,15.28,15.42,15.28,15.41,14.436722,50700,MUI,BlackRock Municipal Income Fund,다양한 금융서비스,-1.5542469224494426,15.49946668,0.001766666666665806
2021-10-08,15.37,15.48,15.16,15.16,14.202511,59400,MUI,BlackRock Municipal Income Fund,다양한 금융서비스,-2.834613421811283,15.501000013333336,0.0007666666666681365
2021-10-11,15.15,15.2,15.1,15.15,14.193142,30700,MUI,BlackRock Municipal Income Fund,다양한 금융서비스,-2.1052106660917724,15.502000013333337,0.0005000000000006111
2021-10-12,15.2,15.24,15.17,15.21,14.249352,61900,MUI,BlackRock Municipal Income Fund,다양한 금융서비스,-1.367748335164043,15.503066679999998,0.0005333333333306101
2021-10-13,15.18,15.39,15.18,15.37,14.399248,31500,MUI,BlackRock Municipal Income Fund,다양한 금융서비스,-0.5622157324973953,15.504466680000002,0.0007000000000019213
2021-10-14,15.32,15.44,15.3,15.4,14.47822,39200,MUI,BlackRock Municipal Income Fund,다양한 금융서비스,-1.8951202402905265,15.506666680000002,0.001100000000000101
2021-10-15,15.36,15.45,15.27,15.3,14.384206,57400,MUI,BlackRock Municipal Income Fund,다양한 금융서비스,-2.9874385520030966,15.508400013333333,0.000866666666665239
2021-10-18,15.36,15.47,15.33,15.47,14.544033,48000,MUI,BlackRock Municipal Income Fund,다양한 금융서비스,-1.928745527703024,15.511333346666667,0.0014666666666673933
2021-10-19,15.41,15.5,15.39,15.43,14.506427,22200,MUI,BlackRock Municipal Income Fund,다양한 금융서비스,-2.5485784455751115,15.514933346666666,0.0017999999999993577
2021-10-20,15.4,15.55,15.4,15.45,14.525228,43100,MUI,BlackRock Municipal Income Fund,다양한 금융서비스,-2.4685527165252297,15.518933346666666,0.0019999999999997797
2021-10-21,15.44,15.52,15.31,15.38,14.459419,39800,MUI,BlackRock Municipal Income Fund,다양한 금융서비스,-2.9440845802380933,15.522333346666668,0.001700000000001367
2021-10-22,15.35,15.4,15.35,15.4,14.47822,27500,MUI,BlackRock Municipal Income Fund,다양한 금융서비스,-2.4926680782587196,15.526600013333333,0.00213333333333221
2021-10-25,15.41,15.5,15.34,15.5,14.572234,39700,MUI,BlackRock Municipal Income Fund,다양한 금융서비스,-2.1112978226673573,15.531333346666667,0.002366666666667072
2021-10-26,15.52,15.52,15.34,15.34,14.421812,67700,MUI,BlackRock Municipal Income Fund,다양한 금융서비스,-3.0842506916809675,15.535600013333335,0.0021333333333339866
2021-10-27,15.34,15.39,15.21,15.26,14.346601,42600,MUI,BlackRock Municipal Income Fund,다양한 금융서비스,-2.8798279210478506,15.539600013333333,0.0019999999999988916
2021-10-28,15.27,15.37,15.24,15.29,14.374805,49600,MUI,BlackRock Municipal Income Fund,다양한 금융서비스,-3.349781955298725,15.542933346666665,0.001666666666666039
2021-10-29,15.27,15.4,15.21,15.21,14.299592,67400,MUI,BlackRock Municipal Income Fund,다양한 금융서비스,-3.78261238180988,15.545266680000001,0.0011666666666680925
2021-11-01,15.26,15.44,15.25,15.28,14.365403,50000,MUI,BlackRock Municipal Income Fund,다양한 금융서비스,-3.1897199333525417,15.547533346666668,0.0011333333333336526
2021-11-02,15.36,15.47,15.29,15.44,14.515825,49400,MUI,BlackRock Municipal Income Fund,다양한 금융서비스,-2.2981077755399038,15.550200013333336,0.0013333333333340747
2021-11-03,15.49,15.6,15.36,15.54,14.609838,40400,MUI,BlackRock Municipal Income Fund,다양한 금융서비스,-2.0531300709975886,15.552933346666668,0.00136666666666585
2021-11-04,15.52,15.6,15.5,15.52,14.591038,41900,MUI,BlackRock Municipal Income Fund,다양한 금융서비스,-2.319330051002877,15.555466680000002,0.0012666666666669713
2021-11-05,15.52,15.63,15.45,15.48,14.553431,50300,MUI,BlackRock Municipal Income Fund,다양한 금융서비스,-2.7085935470498312,15.557800013333335,0.0011666666666663161
2021-11-08,15.48,15.6,15.48,15.59,14.656847,36200,MUI,BlackRock Municipal Income Fund,다양한 금융서비스,-1.875291430185655,15.560133346666666,0.001166666666665428
2021-11-09,15.62,15.74,15.53,15.6,14.666248,57500,MUI,BlackRock Municipal Income Fund,다양한 금융서비스,-1.2243640757592544,15.562733346666665,0.0012999999999996348
2021-11-10,15.7,17.4,15.36,15.36,14.440615,57800,MUI,BlackRock Municipal Income Fund,다양한 금융서비스,-1.6212770726471981,15.564866679999998,0.0010666666666665492
2021-11-11,15.43,15.5,15.31,15.33,14.41241,58500,MUI,BlackRock Municipal Income Fund,다양한 금융서비스,-1.6148864732212553,15.566533346666665,0.0008333333333334636
2021-11-12,15.28,15.44,15.28,15.32,14.453922,71300,MUI,BlackRock Municipal Income Fund,다양한 금융서비스,-2.1647923121156154,15.56806668,0.0007666666666672484
2021-11-15,15.34,15.41,15.27,15.35,14.482227,22000,MUI,BlackRock Municipal Income Fund,다양한 금융서비스,-1.7220463271933717,15.569933346666666,0.0009333333333332305
2021-11-16,15.3,15.43,15.28,15.4,14.5294,45400,MUI,BlackRock Municipal Income Fund,다양한 금융서비스,-1.5779103487851276,15.571933346666668,0.0010000000000012221
2021-11-17,15.41,15.47,15.29,15.38,14.510531,31300,MUI,BlackRock Municipal Income Fund,다양한 금융서비스,-1.262908424394249,15.57366668,0.0008666666666661271
2021-11-18,15.35,15.57,15.35,15.57,14.68979,55900,MUI,BlackRock Municipal Income Fund,다양한 금융서비스,-0.2740447976475102,15.576666679999999,0.0014999999999991687
2021-11-19,15.55,15.59,15.55,15.55,14.67092,71800,MUI,BlackRock Municipal Income Fund,다양한 금융서비스,-0.1445971988689565,15.579733346666666,0.0015333333333336086
2021-11-22,15.59,15.61,15.55,15.55,14.67092,27000,MUI,BlackRock Municipal Income Fund,다양한 금융서비스,0.2872215755702623,15.58286668,0.0015666666666671603
2021-11-23,15.55,15.56,15.24,15.28,14.416185,48700,MUI,BlackRock Municipal Income Fund,다양한 금융서비스,-1.4748233352936513,15.583800013333333,0.0004666666666661712
2021-11-24,15.28,15.42,15.23,15.34,14.472793,52800,MUI,BlackRock Municipal Income Fund,다양한 금융서비스,-1.1801268396679165,15.585200013333333,0.000700000000000145
2021-11-26,15.27,15.34,15.26,15.26,14.397316,12000,MUI,BlackRock Municipal Income Fund,다양한 금융서비스,0.5983763673649278,15.58506668,-6.666666666621524e-05
2021-11-29,15.29,15.35,15.19,15.27,14.40675,41700,MUI,BlackRock Municipal Income Fund,다양한 금융서비스,-0.6133029945010526,15.585200013333333,6.666666666621524e-05
2021-11-30,15.32,15.46,15.31,15.34,14.472793,21300,MUI,BlackRock Municipal Income Fund,다양한 금융서비스,1.6996460107274514,15.585733346666666,0.0002666666666666373
2021-12-01,15.49,15.65,15.41,15.47,14.595445,90800,MUI,BlackRock Municipal Income Fund,다양한 금융서비스,3.6410148374659945,15.587866680000001,0.0010666666666674374
2021-12-02,15.47,15.49,15.1,15.17,14.312404,51600,MUI,BlackRock Municipal Income Fund,다양한 금융서비스,0.23911654811203942,15.588400013333333,0.0002666666666657491
2021-12-03,15.15,15.26,14.98,15.16,14.302968,66400,MUI,BlackRock Municipal Income Fund,다양한 금융서비스,0.9896640839596627,15.58753334666667,-0.0004333333333317313
2021-12-06,15.22,15.46,15.09,15.3,14.435054,97700,MUI,BlackRock Municipal Income Fund,다양한 금융서비스,0.6845449170180817,15.587800013333332,0.0001333333333315423
2021-12-07,15.44,15.5,15.09,15.12,14.265229,146700,MUI,BlackRock Municipal Income Fund,다양한 금융서비스,-2.3862408660617285,15.586266680000001,-0.000766666666665472
2021-12-08,15.12,15.23,15.07,15.17,14.312404,52700,MUI,BlackRock Municipal Income Fund,다양한 금융서비스,-2.2126405574870556,15.585000013333332,-0.0006333333333348179
2021-12-09,15.22,15.34,15.13,15.25,14.387879,47300,MUI,BlackRock Municipal Income Fund,다양한 금융서비스,-0.928496162565795,15.583800013333333,-0.0005999999999994898
2021-12-10,15.26,15.36,15.26,15.34,14.472793,12900,MUI,BlackRock Municipal Income Fund,다양한 금융서비스,-1.2238557050803789,15.582600013333334,-0.0005999999999994898
2021-12-13,15.31,15.42,15.27,15.29,14.425619,83400,MUI,BlackRock Municipal Income Fund,다양한 금융서비스,-0.6429984890850893,15.58186668,-0.0003666666666672924
2021-12-14,15.29,15.29,15.09,15.2,14.340706,58700,MUI,BlackRock Municipal Income Fund,다양한 금융서비스,-0.4875343601131288,15.580133346666669,-0.000866666666665239
2021-12-15,15.22,15.32,15.2,15.27,14.40675,57600,MUI,BlackRock Municipal Income Fund,다양한 금융서비스,-1.5868324612880902,15.580533346666668,0.00019999999999953388
2021-12-16,15.31,15.33,15.2,15.33,14.514687,25400,MUI,BlackRock Municipal Income Fund,다양한 금융서비스,-0.333728449837023,15.581533346666669,0.0005000000000006111
2021-12-17,15.34,15.34,15.22,15.23,14.420005,53500,MUI,BlackRock Municipal Income Fund,다양한 금융서비스,0.06585241986318824,15.582133346666666,0.00029999999999841265
2021-12-20,15.28,15.29,15.12,15.13,14.325323,35900,MUI,BlackRock Municipal Income Fund,다양한 금융서비스,0.5505624209795501,15.582000013333333,-6.666666666621524e-05
2021-12-21,15.11,15.16,15.06,15.08,14.277982,45400,MUI,BlackRock Municipal Income Fund,다양한 금융서비스,-1.4170331910691059,15.581200013333333,-0.00039999999999995595
2021-12-22,15.08,15.27,15.08,15.22,14.410537,37500,MUI,BlackRock Municipal Income Fund,다양한 금융서비스,-1.4792979148442242,15.580333346666666,-0.00043333333333350765
2021-12-23,15.3,15.44,15.28,15.3,14.486281,74300,MUI,BlackRock Municipal Income Fund,다양한 금융서비스,-1.5362124633494623,15.57926668,-0.0005333333333332746
2021-12-27,15.36,15.39,15.24,15.33,14.514687,41700,MUI,BlackRock Municipal Income Fund,다양한 금융서비스,-2.5094661221573444,15.579066679999999,-0.00010000000000065512
2021-12-28,15.36,15.36,15.21,15.27,14.457877,27000,MUI,BlackRock Municipal Income Fund,다양한 금융서비스,-2.6596245110846684,15.577400013333333,-0.0008333333333325754
2021-12-29,15.31,15.32,15.02,15.28,14.467347,115500,MUI,BlackRock Municipal Income Fund,다양한 금융서비스,-2.477926125175267,15.575600013333332,-0.000900000000000567
2021-12-30,15.31,15.48,15.28,15.34,14.524155,255700,MUI,BlackRock Municipal Income Fund,다양한 금융서비스,-1.4731889057377434,15.57406668,-0.0007666666666663602
2021-12-31,15.37,15.37,15.17,15.17,14.363196,92600,MUI,BlackRock Municipal Income Fund,다양한 금융서비스,-2.1109990428332392,15.57066668,-0.0016999999999995907
2022-01-03,15.21,15.34,15.16,15.27,14.457877,32100,MUI,BlackRock Municipal Income Fund,다양한 금융서비스,-1.8531048072674694,15.568200013333335,-0.0012333333333325314
2022-01-04,15.3,15.3,15.12,15.2,14.391601,54100,MUI,BlackRock Municipal Income Fund,다양한 금융서비스,-1.997972396622838,15.565133346666665,-0.001533333333335385
2022-01-05,15.16,15.37,15.16,15.31,14.495749,74000,MUI,BlackRock Municipal Income Fund,다양한 금융서비스,0.6153049474791006,15.56260001333333,-0.0012666666666669713
2022-01-06,15.3,15.33,15.11,15.2,14.391601,50100,MUI,BlackRock Municipal Income Fund,다양한 금융서비스,-0.02657441230071722,15.559800013333334,-0.0013999999999985135
2022-01-07,15.23,15.27,15.05,15.11,14.306387,84900,MUI,BlackRock Municipal Income Fund,다양한 금융서비스,-0.15789556472630695,15.556333346666667,-0.0017333333333331424
2022-01-10,15.1,15.13,15.0,15.03,14.230641,75800,MUI,BlackRock Municipal Income Fund,다양한 금융서비스,-0.4858511140283128,15.552733346666667,-0.0018000000000002458
2022-01-11,15.08,15.17,14.85,14.91,14.117024,115000,MUI,BlackRock Municipal Income Fund,다양한 금융서비스,-2.007858140832819,15.547800013333331,-0.0024666666666677273
2022-01-12,14.98,14.98,14.8,14.87,14.079152,157900,MUI,BlackRock Municipal Income Fund,다양한 금융서비스,-2.342906410899548,15.542666680000002,-0.0025666666666648297
2022-01-13,14.88,14.88,14.7,14.74,14.00693,126200,MUI,BlackRock Municipal Income Fund,다양한 금융서비스,-1.6782918527518675,15.536266679999999,-0.003200000000001424
2022-01-14,14.72,14.77,14.66,14.67,13.940413,76400,MUI,BlackRock Municipal Income Fund,다양한 금융서비스,-2.016124539092845,15.529933346666667,-0.003166666666666096
2022-01-18,14.61,14.65,14.38,14.42,13.702847,105600,MUI,BlackRock Municipal Income Fund,다양한 금융서비스,-1.6587317240636335,15.522600013333333,-0.003666666666666707
2022-01-19,14.47,14.54,14.29,14.38,13.664835,152700,MUI,BlackRock Municipal Income Fund,다양한 금융서비스,-0.7556032148942071,15.515400013333334,-0.0035999999999996035
2022-01-20,14.45,14.59,14.35,14.39,13.674339,127200,MUI,BlackRock Municipal Income Fund,다양한 금융서비스,0.47437573315765036,15.508000013333334,-0.0037000000000002586
2022-01-21,14.45,14.48,14.33,14.36,13.64583,66900,MUI,BlackRock Municipal Income Fund,다양한 금융서비스,2.1588027672253762,15.500133346666669,-0.003933333333332456
2022-01-24,14.15,14.38,14.05,14.34,13.626826,96000,MUI,BlackRock Municipal Income Fund,다양한 금융서비스,1.7121813252291007,15.492533346666665,-0.003800000000001802
2022-01-25,14.32,14.58,14.23,14.39,13.674339,105700,MUI,BlackRock Municipal Income Fund,다양한 금융서비스,3.1574529420749897,15.484866680000001,-0.003833333333331801
2022-01-26,14.52,14.57,14.33,14.37,13.655331,61900,MUI,BlackRock Municipal Income Fund,다양한 금융서비스,2.9864777309233093,15.476800013333335,-0.004033333333333111
2022-01-27,14.47,14.54,14.3,14.32,13.607818,74300,MUI,BlackRock Municipal Income Fund,다양한 금융서비스,2.9880250038470058,15.468133346666663,-0.004333333333335965
2022-01-28,14.36,14.36,14.14,14.17,13.465279,80500,MUI,BlackRock Municipal Income Fund,다양한 금융서비스,-0.49329891186383756,15.458400013333334,-0.004866666666664798
2022-01-31,14.24,14.47,14.12,14.38,13.664835,94500,MUI,BlackRock Municipal Income Fund,다양한 금융서비스,-0.8930203813772741,15.450133346666664,-0.0041333333333346545
2022-02-01,14.46,14.57,14.39,14.53,13.807374,56100,MUI,BlackRock Municipal Income Fund,다양한 금융서비스,-0.5608425385613236,15.442733346666667,-0.0036999999999984823
2022-02-02,14.6,14.67,14.41,14.43,13.712351,64400,MUI,BlackRock Municipal Income Fund,다양한 금융서비스,-2.1263626154701343,15.43466668,-0.004033333333333999
2022-02-03,14.43,14.45,14.2,14.22,13.512792,58100,MUI,BlackRock Municipal Income Fund,다양한 금융서비스,-1.0144227276446038,15.425266679999998,-0.004700000000000593
2022-02-04,14.2,14.3,14.1,14.12,13.417768,53700,MUI,BlackRock Municipal Income Fund,다양한 금융서비스,-2.0631580356879287,15.414200013333335,-0.005533333333331392
2022-02-07,14.21,14.4,14.15,14.35,13.636327,84900,MUI,BlackRock Municipal Income Fund,다양한 금융서비스,-0.050758093445357755,15.404266680000001,-0.00496666666666723
2022-02-08,14.36,14.44,14.29,14.34,13.626826,105300,MUI,BlackRock Municipal Income Fund,다양한 금융서비스,-0.8801997982447185,15.394000013333335,-0.005133333333333212
2022-02-09,14.37,14.37,14.24,14.32,13.607818,68100,MUI,BlackRock Municipal Income Fund,다양한 금융서비스,-2.3710458442442017,15.382933346666665,-0.005533333333334944
2022-02-10,14.33,14.33,14.11,14.13,13.427269,81100,MUI,BlackRock Municipal Income Fund,다양한 금융서비스,-1.8751874162092563,15.370733346666666,-0.006099999999999106
2022-02-11,14.15,14.19,13.82,13.9,13.208708,139000,MUI,BlackRock Municipal Income Fund,다양한 금융서비스,-1.5782421962436177,15.356600013333333,-0.0070666666666667766
2022-02-14,13.87,13.87,13.54,13.58,12.95495,86100,MUI,BlackRock Municipal Income Fund,다양한 금융서비스,-3.3812208030235436,15.339733339999999,-0.008433336666667124
2022-02-15,13.6,13.83,13.53,13.79,13.155285,129800,MUI,BlackRock Municipal Income Fund,다양한 금융서비스,-3.309815275651873,15.325666673333332,-0.007033333333333225
2022-02-16,13.73,13.91,13.58,13.84,13.202983,126200,MUI,BlackRock Municipal Income Fund,다양한 금융서비스,-2.9233519532437247,15.313733340000002,-0.005966666666664899
2022-02-17,13.85,14.17,13.85,14.11,13.460556,91400,MUI,BlackRock Municipal Income Fund,다양한 금융서비스,1.0936019398235075,15.302866673333332,-0.005433333333335177
2022-02-18,14.13,14.24,14.09,14.23,13.575034,100000,MUI,BlackRock Municipal Income Fund,다양한 금융서비스,2.678054639278704,15.293866673333332,-0.0045000000000001705
2022-02-22,14.22,14.25,13.97,14.03,13.38424,28000,MUI,BlackRock Municipal Income Fund,다양한 금융서비스,2.260117089096436,15.283400006666668,-0.005233333333332091
2022-02-23,14.03,14.08,13.83,13.93,13.28884,77800,MUI,BlackRock Municipal Income Fund,다양한 금융서비스,3.4462641319470633,15.271866673333333,-0.005766666666667142
2022-02-24,13.92,14.07,13.79,14.04,13.393779,77500,MUI,BlackRock Municipal Income Fund,다양한 금융서비스,2.7746960557101907,15.261200006666664,-0.005333333333334522
2022-02-25,14.11,14.22,14.06,14.16,13.508255,89200,MUI,BlackRock Municipal Income Fund,다양한 금융서비스,1.512940704851018,15.250000006666669,-0.005599999999997607
2022-02-28,14.18,14.33,14.11,14.3,13.641812,63500,MUI,BlackRock Municipal Income Fund,다양한 금융서비스,2.651373299867865,15.239000006666664,-0.005500000000002281
2022-03-01,14.46,14.59,14.34,14.43,13.765829,80300,MUI,BlackRock Municipal Income Fund,다양한 금융서비스,4.938468378087291,15.229066673333334,-0.0049666666666654535
2022-03-02,14.34,14.53,14.15,14.17,13.517795,90500,MUI,BlackRock Municipal Income Fund,다양한 금융서비스,1.1071398656558706,15.217133339999997,-0.005966666666668452
2022-03-03,14.18,14.41,14.17,14.41,13.746746,34000,MUI,BlackRock Municipal Income Fund,다양한 금융서비스,3.1074985843851266,15.206866673333334,-0.005133333333331436
2022-03-04,14.47,14.48,14.25,14.45,13.784907,43600,MUI,BlackRock Municipal Income Fund,다양한 금융서비스,3.957480491366683,15.196466673333335,-0.005199999999999427
2022-03-07,14.48,14.48,14.06,14.07,13.422397,53500,MUI,BlackRock Municipal Income Fund,다양한 금융서비스,3.959727379197009,15.184200006666666,-0.006133333333334434
2022-03-08,14.06,14.06,13.6,13.84,13.202983,110100,MUI,BlackRock Municipal Income Fund,다양한 금융서비스,2.817086943545566,15.170533340000002,-0.006833333333331915
2022-03-09,13.83,13.88,13.64,13.73,13.098047,46500,MUI,BlackRock Municipal Income Fund,다양한 금융서비스,-0.6142285311279583,15.15646667333333,-0.007033333333335889
2022-03-10,13.6,13.68,13.42,13.53,12.907251,150100,MUI,BlackRock Municipal Income Fund,다양한 금융서비스,-1.7229895447849142,15.141400006666666,-0.00753333333333206
2022-03-11,13.56,13.75,13.5,13.57,12.94541,55300,MUI,BlackRock Municipal Income Fund,다양한 금융서비스,-0.2776684485796932,15.126800006666668,-0.007299999999998974
2022-03-14,13.47,13.47,13.25,13.26,12.700219,58100,MUI,BlackRock Municipal Income Fund,다양한 금융서비스,-1.8753219710734181,15.10973334,-0.00853333333333417
2022-03-15,13.34,13.39,13.17,13.17,12.614018,79600,MUI,BlackRock Municipal Income Fund,다양한 금융서비스,-4.590792441275482,15.09213334,-0.008799999999999919
2022-03-16,13.15,13.32,13.12,13.27,12.709795,66300,MUI,BlackRock Municipal Income Fund,다양한 금융서비스,-5.9141260699607905,15.07533334,-0.008399999999999963
2022-03-17,13.3,13.42,13.25,13.29,12.728952,45500,MUI,BlackRock Municipal Income Fund,다양한 금융서비스,-6.806076145349083,15.058800006666667,-0.008266666666666644
2022-03-18,13.26,13.41,13.26,13.32,12.757686,55000,MUI,BlackRock Municipal Income Fund,다양한 금융서비스,-7.3330176357737304,15.042866673333334,-0.007966666666666455
2022-03-21,13.38,13.38,13.2,13.29,12.728952,52700,MUI,BlackRock Municipal Income Fund,다양한 금융서비스,-7.0787229790072566,15.026000006666667,-0.008433333333333515
2022-03-22,13.31,13.31,13.09,13.17,12.614018,50200,MUI,BlackRock Municipal Income Fund,다양한 금융서비스,-8.461554770997182,15.007866673333334,-0.009066666666666556
2022-03-23,13.1,13.23,13.1,13.21,12.652328,60900,MUI,BlackRock Municipal Income Fund,다양한 금융서비스,-6.555885042930088,14.99073334,-0.008566666666666833
2022-03-24,13.2,13.2,13.01,13.03,12.479926,53300,MUI,BlackRock Municipal Income Fund,다양한 금융서비스,-8.568987382880133,14.97173334,-0.009500000000000064
2022-03-25,13.0,13.0,12.84,13.0,12.451193,105700,MUI,BlackRock Municipal Income Fund,다양한 금융서비스,-8.706596015984413,14.953333339999999,-0.009200000000000763
2022-03-28,12.95,13.0,12.8,12.88,12.336261,120600,MUI,BlackRock Municipal Income Fund,다양한 금융서비스,-9.535269555504955,14.93473334,-0.009299999999999642
2022-03-29,13.0,13.03,12.85,12.96,12.412883,150400,MUI,BlackRock Municipal Income Fund,다양한 금융서비스,-9.269664022166745,14.916800006666666,-0.00896666666666679
2022-03-30,12.98,13.1,12.97,13.03,12.479926,63200,MUI,BlackRock Municipal Income Fund,다양한 금융서비스,-7.603815788601276,14.899133339999999,-0.00883333333333347
2022-03-31,13.04,13.15,13.03,13.13,12.575706,58400,MUI,BlackRock Municipal Income Fund,다양한 금융서비스,-4.786181104421072,14.882733339999998,-0.00820000000000043
2022-04-01,13.17,13.29,13.0,13.29,12.728952,117200,MUI,BlackRock Municipal Income Fund,다양한 금융서비스,-3.294998790198145,14.865600006666666,-0.008566666666665945
2022-04-04,13.34,13.65,13.15,13.34,12.776842,124500,MUI,BlackRock Municipal Income Fund,다양한 금융서비스,-3.0073904980088995,14.849600006666666,-0.008000000000000007
2022-04-05,13.38,13.64,13.18,13.23,12.671485,165700,MUI,BlackRock Municipal Income Fund,다양한 금융서비스,-1.939626903284386,14.833000006666667,-0.008299999999999308
2022-04-06,13.16,13.16,12.77,12.81,12.3195,182900,MUI,BlackRock Municipal Income Fund,다양한 금융서비스,-3.553468963600115,14.813000006666668,-0.009999999999999787
2022-04-07,12.79,12.85,12.63,12.72,12.232944,124600,MUI,BlackRock Municipal Income Fund,다양한 금융서비스,-4.070499159839858,14.792333339999999,-0.010333333333334416
2022-04-08,12.73,12.74,12.61,12.71,12.223327,147100,MUI,BlackRock Municipal Income Fund,다양한 금융서비스,-3.2412136680457615,14.77113334,-0.010599999999999277
2022-04-11,12.63,12.72,12.52,12.64,12.15601,145800,MUI,BlackRock Municipal Income Fund,다양한 금융서비스,-1.5961379461401304,14.750266673333336,-0.010433333333332406
2022-04-12,12.7,12.7,12.52,12.65,12.165625,192800,MUI,BlackRock Municipal Income Fund,다양한 금융서비스,-0.8175390372587299,14.728133339999998,-0.011066666666669
2022-04-13,12.56,12.61,12.5,12.52,12.040604,221600,MUI,BlackRock Municipal Income Fund,다양한 금융서비스,-2.5361258241702878,14.705866673333336,-0.011133333333330775
2022-04-14,12.46,12.47,12.32,12.38,11.905964,188600,MUI,BlackRock Municipal Income Fund,다양한 금융서비스,-2.112397027244639,14.68293334,-0.011466666666668068
2022-04-18,12.36,12.43,12.21,12.32,11.84826,343400,MUI,BlackRock Municipal Income Fund,다양한 금융서비스,-2.262761554602022,14.65893334,-0.011999999999999567
2022-04-19,12.18,12.29,12.12,12.19,11.723239,314600,MUI,BlackRock Municipal Income Fund,다양한 금융서비스,-4.410769106870549,14.634266673333334,-0.012333333333333307
2022-04-20,12.22,12.44,12.22,12.42,11.944431,284100,MUI,BlackRock Municipal Income Fund,다양한 금융서비스,-2.317855132897717,14.61040000666667,-0.011933333333332463
2022-04-21,12.39,12.4,12.16,12.26,11.790559,216500,MUI,BlackRock Municipal Income Fund,다양한 금융서비스,-1.8328640881583147,14.58553334,-0.01243333333333485
2022-04-22,12.32,12.34,12.14,12.23,11.761705,263800,MUI,BlackRock Municipal Income Fund,다양한 금융서비스,0.7557809689953121,14.560199999999998,-0.012666670000000657
2022-04-25,12.18,12.29,12.04,12.28,11.809793,282700,MUI,BlackRock Municipal Income Fund,다양한 금융서비스,0.6000333009884562,14.5354,-0.012399999999999523
2022-04-26,12.24,12.24,12.17,12.18,11.713621,328500,MUI,BlackRock Municipal Income Fund,다양한 금융서비스,2.486216953813547,14.510133333333334,-0.012633333333332608
2022-04-27,12.21,12.21,12.09,12.16,11.694387,250400,MUI,BlackRock Municipal Income Fund,다양한 금융서비스,1.9100776540596387,14.484866666666667,-0.012633333333333496
2022-04-28,12.15,12.4,12.09,12.4,11.925198,288200,MUI,BlackRock Municipal Income Fund,다양한 금융서비스,1.3034417468745563,14.4618,-0.011533333333333395
2022-04-29,12.39,12.39,12.15,12.26,11.790559,135900,MUI,BlackRock Municipal Income Fund,다양한 금융서비스,3.805429029556495,14.4382,-0.011800000000000033
2022-05-02,12.2,12.28,12.03,12.18,11.713621,258600,MUI,BlackRock Municipal Income Fund,다양한 금융서비스,2.5324628297064056,14.414399999999999,-0.011900000000000688
2022-05-03,12.18,12.33,12.12,12.31,11.838645,228000,MUI,BlackRock Municipal Income Fund,다양한 금융서비스,3.0609567870821364,14.394733333333333,-0.009833333333332916
2022-05-04,12.29,12.48,12.07,12.4,11.925198,364700,MUI,BlackRock Municipal Income Fund,다양한 금융서비스,0.8748460310625594,14.375399999999999,-0.009666666666666934
2022-05-05,12.35,12.53,12.26,12.33,11.857878,333900,MUI,BlackRock Municipal Income Fund,다양한 금융서비스,3.8052094764834843,14.3562,-0.009599999999999831
2022-05-06,12.33,12.43,12.27,12.37,11.896347,273500,MUI,BlackRock Municipal Income Fund,다양한 금융서비스,4.420085536894791,14.337333333333333,-0.00943333333333296
2022-05-09,12.3,12.4,12.08,12.16,11.694387,193600,MUI,BlackRock Municipal Income Fund,다양한 금융서비스,5.649717976950086,14.316866666666668,-0.010233333333332872
2022-05-10,12.22,12.36,12.11,12.33,11.857878,317400,MUI,BlackRock Municipal Income Fund,다양한 금융서비스,6.463280075789313,14.297666666666668,-0.009599999999999831
2022-05-11,12.17,12.34,12.12,12.15,11.68477,268600,MUI,BlackRock Municipal Income Fund,다양한 금융서비스,6.278013962685258,14.276733333333334,-0.010466666666666846
2022-05-12,12.16,12.2,12.03,12.14,11.675154,280500,MUI,BlackRock Municipal Income Fund,다양한 금융서비스,5.8304437344772975,14.254933333333335,-0.010899999999999466
2022-05-13,12.2,12.2,11.79,11.83,11.427855,185000,MUI,BlackRock Municipal Income Fund,다양한 금융서비스,0.5144693957082502,14.232733333333332,-0.011100000000001664
2022-05-16,11.76,11.9,11.72,11.78,11.379555,194100,MUI,BlackRock Municipal Income Fund,다양한 금융서비스,0.2568580174413082,14.210266666666666,-0.011233333333333206
2022-05-17,11.63,11.86,11.63,11.7,11.302274,249100,MUI,BlackRock Municipal Income Fund,다양한 금융서비스,-2.607999412617079,14.186866666666669,-0.01169999999999849
2022-05-18,11.57,11.64,11.53,11.54,11.147714,262100,MUI,BlackRock Municipal Income Fund,다양한 금융서비스,-0.16122065314361222,14.161333333333332,-0.012766666666668591
2022-05-19,11.54,11.65,11.51,11.56,11.167035,197900,MUI,BlackRock Municipal Income Fund,다양한 금융서비스,0.30395567973771076,14.13573333333333,-0.012800000000000367
2022-05-20,11.63,11.64,11.46,11.64,11.244315,265700,MUI,BlackRock Municipal Income Fund,다양한 금융서비스,0.7776624403172061,14.111333333333334,-0.012199999999998212
2022-05-23,11.7,11.75,11.61,11.73,11.331255,319900,MUI,BlackRock Municipal Income Fund,다양한 금융서비스,-0.45035521940802736,14.086399999999998,-0.012466666666668402
2022-05-24,11.77,11.95,11.71,11.83,11.427855,309900,MUI,BlackRock Municipal Income Fund,다양한 금융서비스,1.0768271857774847,14.0624,-0.011999999999998678
2022-05-25,11.88,12.16,11.85,12.12,11.707997,374400,MUI,BlackRock Municipal Income Fund,다양한 금융서비스,2.344090757841877,14.0402,-0.011099999999999888
2022-05-26,12.14,12.42,12.11,12.38,11.95916,240400,MUI,BlackRock Municipal Income Fund,다양한 금융서비스,2.2288941414619456,14.0202,-0.009999999999999787
2022-05-27,12.4,12.64,12.4,12.54,12.113721,460100,MUI,BlackRock Municipal Income Fund,다양한 금융서비스,0.9677554835597402,14.001133333333334,-0.009533333333333616
2022-05-31,12.45,12.63,12.41,12.58,12.152362,183800,MUI,BlackRock Municipal Income Fund,다양한 금융서비스,1.7364362687891433,13.981666666666667,-0.00973333333333315
2022-06-01,12.74,12.74,12.48,12.6,12.171681,243100,MUI,BlackRock Municipal Income Fund,다양한 금융서비스,2.4539909605433508,13.963399999999998,-0.009133333333334548
2022-06-02,12.55,12.78,12.51,12.74,12.306921,180400,MUI,BlackRock Municipal Income Fund,다양한 금융서비스,1.4358970102680724,13.946600000000002,-0.008399999999998187
2022-06-03,12.71,12.79,12.59,12.74,12.306921,189100,MUI,BlackRock Municipal Income Fund,다양한 금융서비스,2.9034439391620204,13.9296,-0.008500000000000618
2022-06-06,12.76,12.78,12.6,12.64,12.210322,201700,MUI,BlackRock Municipal Income Fund,다양한 금융서비스,1.6635569806884742,13.912466666666665,-0.008566666666667722
2022-06-07,12.62,12.75,12.51,12.58,12.152362,183600,MUI,BlackRock Municipal Income Fund,다양한 금융서비스,0.26491550027616384,13.894466666666665,-0.009000000000000341
2022-06-08,12.59,12.62,12.49,12.58,12.152362,109100,MUI,BlackRock Municipal Income Fund,다양한 금융서비스,1.4012717212589232,13.875399999999999,-0.009533333333332727
2022-06-09,12.53,12.54,12.33,12.36,11.939839,117600,MUI,BlackRock Municipal Income Fund,다양한 금융서비스,2.07580548243389,13.854199999999997,-0.010600000000001053
2022-06-10,12.25,12.29,12.17,12.18,11.765959,201900,MUI,BlackRock Municipal Income Fund,다양한 금융서비스,3.5478782836442013,13.831933333333334,-0.011133333333331663
2022-06-13,12.09,12.11,11.85,11.89,11.485816,271700,MUI,BlackRock Municipal Income Fund,다양한 금융서비스,4.757989799028595,13.807999999999998,-0.011966666666667791
2022-06-14,11.8,11.86,11.67,11.69,11.344135,417900,MUI,BlackRock Municipal Income Fund,다양한 금융서비스,3.0619875307051903,13.782000000000002,-0.012999999999998124
2022-06-15,11.69,11.81,11.56,11.62,11.276208,178600,MUI,BlackRock Municipal Income Fund,다양한 금융서비스,0.632503432602749,13.755466666666667,-0.013266666666667426
2022-06-16,11.52,11.57,11.44,11.53,11.18887,274700,MUI,BlackRock Municipal Income Fund,다양한 금융서비스,2.86532308453582,13.729933333333335,-0.012766666666665927
2022-06-17,11.51,11.65,11.48,11.56,11.217982,140800,MUI,BlackRock Municipal Income Fund,다양한 금융서비스,2.6006962355697327,13.704799999999999,-0.01256666666666817
2022-06-21,11.69,11.69,11.44,11.49,11.150053,246000,MUI,BlackRock Municipal Income Fund,다양한 금융서비스,-0.5680173167607161,13.679266666666665,-0.012766666666666815
2022-06-22,11.51,11.68,11.48,11.67,11.324726,223300,MUI,BlackRock Municipal Income Fund,다양한 금융서비스,0.871611041280862,13.654733333333333,-0.012266666666666204
2022-06-23,11.72,11.81,11.67,11.71,11.363544,270600,MUI,BlackRock Municipal Income Fund,다양한 금융서비스,0.12556779645742644,13.630133333333333,-0.012299999999999756
2022-06-24,11.75,11.85,11.67,11.85,11.499402,148300,MUI,BlackRock Municipal Income Fund,다양한 금융서비스,-1.6553848672716809,13.606599999999998,-0.01176666666666737
2022-06-27,11.84,11.89,11.67,11.73,11.382953,206700,MUI,BlackRock Municipal Income Fund,다양한 금융서비스,-2.292355396318757,13.581,-0.012799999999999478
2022-06-28,11.79,11.84,11.71,11.78,11.431472,151700,MUI,BlackRock Municipal Income Fund,다양한 금융서비스,0.032706029412188364,13.555866666666667,-0.012566666666666393
2022-06-29,11.78,12.02,11.73,11.95,11.596442,172200,MUI,BlackRock Municipal Income Fund,다양한 금융서비스,1.4090277226078474,13.531866666666666,-0.012000000000000455
2022-06-30,11.92,12.02,11.79,11.91,11.557628,187400,MUI,BlackRock Municipal Income Fund,다양한 금융서비스,1.8404802725815905,13.509400000000001,-0.011233333333332318
2022-07-01,12.01,12.1,11.93,12.0,11.644964,229500,MUI,BlackRock Municipal Income Fund,다양한 금융서비스,1.3959715890611957,13.487133333333333,-0.011133333333334328
2022-07-05,12.03,12.16,11.91,12.08,11.722598,216500,MUI,BlackRock Municipal Income Fund,다양한 금융서비스,1.8248591647689105,13.465933333333332,-0.010600000000000165
2022-07-06,12.14,12.18,12.08,12.13,11.771117,87100,MUI,BlackRock Municipal Income Fund,다양한 금융서비스,1.7380617530574405,13.445,-0.010466666666665958
2022-07-07,12.13,12.21,12.1,12.11,11.751709,135800,MUI,BlackRock Municipal Income Fund,다양한 금융서비스,-0.05535350325002186,13.423466666666666,-0.010766666666667035
2022-07-08,12.14,12.27,12.1,12.18,11.819638,208500,MUI,BlackRock Municipal Income Fund,다양한 금융서비스,0.49739543665656694,13.401533333333333,-0.010966666666666569
2022-07-11,12.22,12.39,12.2,12.3,11.93609,85500,MUI,BlackRock Municipal Income Fund,다양한 금융서비스,2.4817298722798364,13.382399999999999,-0.009566666666667167
2022-07-12,12.36,12.48,12.28,12.4,12.033129,169500,MUI,BlackRock Municipal Income Fund,다양한 금융서비스,4.070462943039632,13.364,-0.009199999999998987
2022-07-13,12.33,12.38,12.27,12.32,11.955497,147000,MUI,BlackRock Municipal Income Fund,다양한 금융서비스,3.7462169075337393,13.344133333333332,-0.00993333333333446
2022-07-14,12.21,12.22,12.16,12.2,11.891166,116800,MUI,BlackRock Municipal Income Fund,다양한 금융서비스,2.8977325096918305,13.324666666666667,-0.009733333333332261
2022-07-15,12.28,12.33,12.17,12.17,11.861926,116800,MUI,BlackRock Municipal Income Fund,다양한 금융서비스,0.5754055698088845,13.304666666666666,-0.010000000000000675
2022-07-18,12.2,12.2,12.01,12.1,11.7937,214600,MUI,BlackRock Municipal Income Fund,다양한 금융서비스,0.8175864790840537,13.283666666666667,-0.01049999999999951
2022-07-19,12.13,12.18,12.1,12.16,11.85218,134500,MUI,BlackRock Municipal Income Fund,다양한 금융서비스,-1.3169666915237355,13.262466666666667,-0.010600000000000165
2022-07-20,12.16,12.19,12.1,12.17,11.861926,210600,MUI,BlackRock Municipal Income Fund,다양한 금융서비스,-1.8481635934796126,13.241666666666667,-0.010399999999999743
2022-07-21,12.15,12.2,12.1,12.14,11.832686,199000,MUI,BlackRock Municipal Income Fund,다양한 금융서비스,-2.9407940415058675,13.221266666666667,-0.010200000000000209
2022-07-22,12.15,12.23,12.13,12.18,11.871675,249500,MUI,BlackRock Municipal Income Fund,다양한 금융서비스,-1.6870610263206798,13.200666666666667,-0.010299999999999976
2022-07-25,12.12,12.23,12.06,12.2,11.891166,138400,MUI,BlackRock Municipal Income Fund,다양한 금융서비스,-1.7274852244747896,13.1798,-0.010433333333333294
2022-07-26,12.2,12.28,12.11,12.14,11.832686,161000,MUI,BlackRock Municipal Income Fund,다양한 금융서비스,-1.208498104991973,13.1592,-0.010299999999999976
2022-07-27,12.16,12.28,12.15,12.23,11.920408,129300,MUI,BlackRock Municipal Income Fund,다양한 금융서비스,-2.9464074406005514,13.139866666666666,-0.009666666666666934
2022-07-28,12.29,12.48,12.22,12.46,12.144586,134200,MUI,BlackRock Municipal Income Fund,다양한 금융서비스,-2.1978194504859383,13.1224,-0.008733333333332816
2022-07-29,12.45,12.52,12.41,12.44,12.125092,175400,MUI,BlackRock Municipal Income Fund,다양한 금융서비스,-3.5154003354073815,13.103866666666667,-0.009266666666666978
2022-08-01,12.5,12.63,12.43,12.6,12.281041,188500,MUI,BlackRock Municipal Income Fund,다양한 금융서비스,-1.8756298963858442,13.085866666666668,-0.008999999999999453
2022-08-02,12.59,12.74,12.58,12.71,12.388257,222800,MUI,BlackRock Municipal Income Fund,다양한 금융서비스,-0.2811877768539861,13.0684,-0.008733333333333704
2022-08-03,12.74,12.78,12.66,12.69,12.368762,133100,MUI,BlackRock Municipal Income Fund,다양한 금융서비스,-1.8125112243021047,13.0512,-0.008600000000000385
2022-08-04,12.74,12.76,12.66,12.7,12.37851,85700,MUI,BlackRock Municipal Income Fund,다양한 금융서비스,-1.5887183345418276,13.033999999999999,-0.008600000000000385
2022-08-05,12.67,12.67,12.58,12.58,12.261548,187400,MUI,BlackRock Municipal Income Fund,다양한 금융서비스,-2.2202828499095495,13.0156,-0.009199999999999875
2022-08-08,12.6,12.74,12.6,12.62,12.300533,189600,MUI,BlackRock Municipal Income Fund,다양한 금융서비스,-1.5612742191292495,12.9986,-0.00849999999999973
2022-08-09,12.65,12.66,12.56,12.61,12.290789,117600,MUI,BlackRock Municipal Income Fund,다양한 금융서비스,-0.9184228646371029,12.980866666666666,-0.008866666666667022
2022-08-10,12.68,12.78,12.66,12.72,12.398004,179900,MUI,BlackRock Municipal Income Fund,다양한 금융서비스,-1.7887088091749659,12.964333333333332,-0.008266666666666644
2022-08-11,12.76,12.82,12.73,12.8,12.475979,168900,MUI,BlackRock Municipal Income Fund,다양한 금융서비스,-0.8170111170023531,12.9476,-0.008366666666666411
2022-08-12,12.75,12.76,12.71,12.74,12.470105,63900,MUI,BlackRock Municipal Income Fund,다양한 금융서비스,-2.6872530766840597,12.931199999999999,-0.00820000000000043
2022-08-15,12.72,12.72,12.64,12.64,12.372225,189400,MUI,BlackRock Municipal Income Fund,다양한 금융서비스,-3.490366510266696,12.914733333333334,-0.008233333333332205
2022-08-16,12.68,12.69,12.57,12.62,12.352647,81700,MUI,BlackRock Municipal Income Fund,다양한 금융서비스,-3.5742458684702827,12.898666666666667,-0.008033333333333559
2022-08-17,12.62,12.62,12.44,12.45,12.186248,137100,MUI,BlackRock Municipal Income Fund,다양한 금융서비스,-3.9262193829470493,12.882266666666666,-0.00820000000000043
2022-08-18,12.48,12.48,12.38,12.41,12.147096,159500,MUI,BlackRock Municipal Income Fund,다양한 금융서비스,-4.232543742098738,12.865866666666667,-0.008199999999999541
2022-08-19,12.36,12.36,12.17,12.22,11.961123,96200,MUI,BlackRock Municipal Income Fund,다양한 금융서비스,-4.1740535135272205,12.849066666666667,-0.008399999999999963
2022-08-22,12.2,12.22,12.05,12.12,11.863239,118300,MUI,BlackRock Municipal Income Fund,다양한 금융서비스,-2.6433217134624765,12.832066666666666,-0.008500000000000618
2022-08-23,12.14,12.26,12.12,12.23,11.97091,183200,MUI,BlackRock Municipal Income Fund,다양한 금융서비스,-1.3197148402587122,12.817466666666666,-0.007299999999999862
2022-08-24,12.23,12.29,12.13,12.15,11.892605,159700,MUI,BlackRock Municipal Income Fund,다양한 금융서비스,-2.0784792511757466,12.8026,-0.007433333333333181
2022-08-25,12.17,12.22,12.1,12.16,11.902393,124100,MUI,BlackRock Municipal Income Fund,다양한 금융서비스,-3.094919146354913,12.787733333333332,-0.007433333333334069
2022-08-26,12.1,12.21,12.1,12.16,11.902393,108300,MUI,BlackRock Municipal Income Fund,다양한 금융서비스,0.3087677160784841,12.773066666666667,-0.007333333333332526
2022-08-29,12.07,12.15,11.93,11.93,11.677266,86400,MUI,BlackRock Municipal Income Fund,다양한 금융서비스,-0.762951312185145,12.757,-0.008033333333333559
2022-08-30,12.0,12.01,11.87,11.89,11.638113,166100,MUI,BlackRock Municipal Income Fund,다양한 금융서비스,0.21528852678127652,12.740333333333332,-0.008333333333333748
2022-08-31,11.92,11.98,11.83,11.87,11.618535,154800,MUI,BlackRock Municipal Income Fund,다양한 금융서비스,0.924400851106455,12.723666666666666,-0.00833333333333286
2022-09-01,11.84,11.84,11.7,11.73,11.481501,219700,MUI,BlackRock Municipal Income Fund,다양한 금융서비스,-0.39338164228232,12.7064,-0.008633333333333049
2022-09-02,11.8,11.88,11.7,11.73,11.481501,196900,MUI,BlackRock Municipal Income Fund,다양한 금융서비스,0.7652856594706936,12.690133333333334,-0.008133333333333326
2022-09-06,11.75,11.75,11.57,11.65,11.403197,229900,MUI,BlackRock Municipal Income Fund,다양한 금융서비스,0.6037639723877719,12.671933333333333,-0.009100000000000108
2022-09-07,11.7,11.89,11.65,11.89,11.638113,205400,MUI,BlackRock Municipal Income Fund,다양한 금융서비스,0.9484937447457487,12.654333333333334,-0.008799999999999919
2022-09-08,11.85,11.9,11.78,11.88,11.628324,272800,MUI,BlackRock Municipal Income Fund,다양한 금융서비스,0.295719749770762,12.637333333333332,-0.008500000000000618
2022-09-09,11.9,12.0,11.85,11.88,11.628324,142600,MUI,BlackRock Municipal Income Fund,다양한 금융서비스,-1.0094431941541027,12.621733333333333,-0.007799999999999585
2022-09-12,11.96,11.97,11.75,11.79,11.540231,118800,MUI,BlackRock Municipal Income Fund,다양한 금융서비스,-2.6097120510997995,12.606200000000001,-0.007766666666666033
2022-09-13,11.71,11.71,11.58,11.65,11.403197,91300,MUI,BlackRock Municipal Income Fund,다양한 금융서비스,0.547080961147306,12.5882,-0.009000000000000341
2022-09-14,11.61,11.77,11.6,11.72,11.525136,124600,MUI,BlackRock Municipal Income Fund,다양한 금융서비스,0.74353150098454,12.570733333333335,-0.008733333333332816
2022-09-15,11.71,11.72,11.35,11.37,11.180955,294400,MUI,BlackRock Municipal Income Fund,다양한 금융서비스,-1.1486354328667736,12.551066666666667,-0.009833333333333805
2022-09-16,11.32,11.38,11.28,11.34,11.151454,187900,MUI,BlackRock Municipal Income Fund,다양한 금융서비스,-0.7479402233578347,12.532466666666666,-0.00930000000000053
2022-09-19,11.34,11.34,11.25,11.26,11.072784,342900,MUI,BlackRock Municipal Income Fund,다양한 금융서비스,-2.1148848763887673,12.514866666666666,-0.008799999999999919
2022-09-20,11.23,11.26,11.16,11.18,10.994113,129300,MUI,BlackRock Municipal Income Fund,다양한 금융서비스,-1.6530912189103963,12.498866666666666,-0.008000000000000007
2022-09-21,11.18,11.31,11.17,11.24,11.053115,197900,MUI,BlackRock Municipal Income Fund,다양한 금융서비스,0.5904559289372058,12.481866666666667,-0.00849999999999973
2022-09-22,11.19,11.22,11.13,11.13,10.944945,152900,MUI,BlackRock Municipal Income Fund,다양한 금융서비스,0.40585701417483744,12.4638,-0.009033333333333005
2022-09-23,11.13,11.13,10.9,10.96,10.777771,233100,MUI,BlackRock Municipal Income Fund,다양한 금융서비스,0.48375313170403444,12.442799999999998,-0.010500000000001286
2022-09-26,10.93,10.98,10.86,10.86,10.679434,208200,MUI,BlackRock Municipal Income Fund,다양한 금융서비스,0.6508203208013708,12.420333333333334,-0.011233333333332318
2022-09-27,10.94,10.97,10.82,10.85,10.669601,187800,MUI,BlackRock Municipal Income Fund,다양한 금융서비스,0.7462819366186535,12.399133333333333,-0.010600000000000165
2022-09-28,10.88,11.01,10.84,10.88,10.699102,362500,MUI,BlackRock Municipal Income Fund,다양한 금융서비스,-0.8279080972014463,12.3788,-0.010166666666666657
2022-09-29,10.77,10.86,10.69,10.72,10.541762,274500,MUI,BlackRock Municipal Income Fund,다양한 금융서비스,-0.081586734978778,12.356666666666667,-0.011066666666666336
2022-09-30,10.73,10.86,10.72,10.86,10.679434,240900,MUI,BlackRock Municipal Income Fund,다양한 금융서비스,2.6467808331761544,12.334666666666667,-0.01100000000000012
2022-10-03,10.99,11.15,10.91,10.98,10.797439,223600,MUI,BlackRock Municipal Income Fund,다양한 금융서비스,1.1695985875298298,12.312533333333333,-0.011066666666667224
2022-10-04,11.02,11.11,10.89,10.97,10.787606,260900,MUI,BlackRock Municipal Income Fund,다양한 금융서비스,-1.7770271616254107,12.289466666666668,-0.011533333333332507
2022-10-05,10.83,10.99,10.83,10.94,10.758103,257500,MUI,BlackRock Municipal Income Fund,다양한 금융서비스,-1.6876233951371056,12.267933333333334,-0.010766666666667035
2022-10-06,10.89,11.01,10.89,10.98,10.797439,183600,MUI,BlackRock Municipal Income Fund,다양한 금융서비스,-0.25061509092749734,12.245066666666666,-0.011433333333333628
2022-10-07,10.95,11.1,10.91,11.04,10.856442,125800,MUI,BlackRock Municipal Income Fund,다양한 금융서비스,2.987034019744139,12.222333333333335,-0.011366666666665637
2022-10-10,11.04,11.12,10.92,10.93,10.748271,217800,MUI,BlackRock Municipal Income Fund,다양한 금융서비스,2.4568783483200685,12.2014,-0.010466666666667734
2022-10-11,10.98,11.2,10.93,11.1,10.915443,247800,MUI,BlackRock Municipal Income Fund,다양한 금융서비스,4.5021912692571275,12.183133333333334,-0.009133333333332772
2022-10-12,11.09,11.09,10.93,11.0,10.817107,166100,MUI,BlackRock Municipal Income Fund,다양한 금융서비스,3.7185151399168115,12.164933333333334,-0.009100000000000108
2022-10-13,10.85,10.94,10.84,10.84,10.701601,241000,MUI,BlackRock Municipal Income Fund,다양한 금융서비스,-0.44300332442352985,12.147,-0.00896666666666679
2022-10-14,10.86,10.89,10.73,10.73,10.593005,155900,MUI,BlackRock Municipal Income Fund,다양한 금융서비스,0.8214126259286525,12.128066666666667,-0.009466666666666512
2022-10-17,10.78,10.85,10.72,10.72,10.583133,214300,MUI,BlackRock Municipal Income Fund,다양한 금융서비스,-1.916260875536424,12.111133333333333,-0.008466666666667066
2022-10-18,10.81,10.89,10.78,10.82,10.681856,335700,MUI,BlackRock Municipal Income Fund,다양한 금융서비스,-2.13496182926326,12.095466666666667,-0.007833333333333137
2022-10-19,10.79,10.83,10.69,10.72,10.583133,222300,MUI,BlackRock Municipal Income Fund,다양한 금융서비스,-2.2818689686030624,12.078466666666667,-0.00849999999999973
2022-10-20,10.75,10.83,10.68,10.72,10.583133,298400,MUI,BlackRock Municipal Income Fund,다양한 금융서비스,-1.4367007099263973,12.061333333333334,-0.008566666666666833
2022-10-21,10.66,10.73,10.65,10.69,10.553515,270900,MUI,BlackRock Municipal Income Fund,다양한 금융서비스,-3.797393434689822,12.0438,-0.008766666666667255
2022-10-24,10.65,10.65,10.52,10.55,10.415303,440500,MUI,BlackRock Municipal Income Fund,다양한 금융서비스,-5.865404093648918,12.025533333333334,-0.009133333333332772
2022-10-25,10.55,10.59,10.5,10.54,10.405431,210000,MUI,BlackRock Municipal Income Fund,다양한 금융서비스,-7.076443762523443,12.008000000000001,-0.008766666666666367
2022-10-26,10.54,10.6,10.54,10.57,10.435048,300300,MUI,BlackRock Municipal Income Fund,다양한 금융서비스,-5.85231646273856,11.990400000000001,-0.008799999999999919
2022-10-27,10.51,10.54,10.34,10.41,10.27709,439700,MUI,BlackRock Municipal Income Fund,다양한 금융서비스,-6.373856388585464,11.972933333333334,-0.008733333333333704
2022-10-28,10.35,10.42,10.34,10.37,10.237601,295000,MUI,BlackRock Municipal Income Fund,다양한 금융서비스,-8.394108945590473,11.955400000000001,-0.008766666666666367
2022-10-31,10.41,10.43,10.35,10.41,10.27709,334900,MUI,BlackRock Municipal Income Fund,다양한 금융서비스,-6.874471287098505,11.938933333333333,-0.008233333333333981
2022-11-01,10.48,10.48,10.38,10.42,10.286963,1281400,MUI,BlackRock Municipal Income Fund,다양한 금융서비스,-6.089621886965024,11.921999999999999,-0.008466666666667066
2022-11-02,10.42,10.52,10.41,10.44,10.306707,1568400,MUI,BlackRock Municipal Income Fund,다양한 금융서비스,-3.3036248056578232,11.904733333333333,-0.008633333333333049
2022-11-03,10.4,10.48,10.36,10.37,10.237601,301100,MUI,BlackRock Municipal Income Fund,다양한 금융서비스,-2.679361972889127,11.886333333333333,-0.009199999999999875
2022-11-04,10.42,10.54,10.42,10.46,10.326452,177500,MUI,BlackRock Municipal Income Fund,다양한 금융서비스,-2.7136256055843577,11.867466666666665,-0.009433333333333849
2022-11-07,10.46,10.55,10.44,10.53,10.395557,250900,MUI,BlackRock Municipal Income Fund,다양한 금융서비스,-2.551598161017876,11.848733333333334,-0.009366666666665857
2022-11-08,10.53,10.58,10.48,10.49,10.35607,161800,MUI,BlackRock Municipal Income Fund,다양한 금융서비스,-2.8587278094321267,11.830466666666666,-0.00913333333333366
2022-11-09,10.5,10.56,10.46,10.48,10.346197,539500,MUI,BlackRock Municipal Income Fund,다양한 금융서비스,-0.3987425903958064,11.814933333333334,-0.007766666666666033
2022-11-10,10.63,10.84,10.61,10.8,10.662111,234600,MUI,BlackRock Municipal Income Fund,다양한 금융서비스,-2.3590072135661333,11.802133333333332,-0.0064000000000010715
2022-11-11,10.79,10.91,10.74,10.84,10.701601,212200,MUI,BlackRock Municipal Income Fund,다양한 금융서비스,-2.4062637775936424,11.789666666666667,-0.006233333333332425
2022-11-14,10.79,10.79,10.74,10.75,10.655017,245000,MUI,BlackRock Municipal Income Fund,다양한 금융서비스,-1.9948809285419422,11.777066666666668,-0.006299999999999528
2022-11-15,10.83,10.91,10.81,10.87,10.773955,239200,MUI,BlackRock Municipal Income Fund,다양한 금융서비스,-1.427054322397725,11.7652,-0.005933333333334012
2022-11-16,10.93,11.06,10.92,10.98,10.882983,418800,MUI,BlackRock Municipal Income Fund,다양한 금융서비스,0.6312142988506908,11.754933333333334,-0.005133333333333212
2022-11-17,10.93,11.17,10.9,11.02,10.922631,348000,MUI,BlackRock Municipal Income Fund,다양한 금융서비스,1.5540483608825761,11.745866666666666,-0.004533333333333722
2022-11-18,11.06,11.15,11.06,11.15,11.051481,415900,MUI,BlackRock Municipal Income Fund,다양한 금융서비스,2.333735203735765,11.738066666666667,-0.0038999999999997925
2022-11-21,11.15,11.25,11.14,11.23,11.130774,315800,MUI,BlackRock Municipal Income Fund,다양한 금융서비스,3.3479111284663743,11.731666666666667,-0.0031999999999996476
2022-11-22,11.27,11.44,11.25,11.42,11.319097,330100,MUI,BlackRock Municipal Income Fund,다양한 금융서비스,3.4603674154886077,11.725,-0.0033333333333338544
2022-11-23,11.42,11.48,11.4,11.42,11.319097,209500,MUI,BlackRock Municipal Income Fund,다양한 금융서비스,2.7098770353650714,11.7194,-0.0027999999999996916
2022-11-25,11.35,11.46,11.35,11.42,11.319097,108600,MUI,BlackRock Municipal Income Fund,다양한 금융서비스,2.5490462145955517,11.714,-0.0026999999999999247
2022-11-28,11.42,11.52,11.39,11.49,11.388477,414700,MUI,BlackRock Municipal Income Fund,다양한 금융서비스,4.342721971032382,11.708733333333335,-0.0026333333333328213
2022-11-29,11.49,11.56,11.44,11.53,11.428124,416700,MUI,BlackRock Municipal Income Fund,다양한 금융서비스,4.450273172025554,11.7044,-0.0021666666666675383
2022-11-30,11.53,11.65,11.51,11.65,11.547065,234400,MUI,BlackRock Municipal Income Fund,다양한 금융서비스,2.0890555569190283,11.700999999999999,-0.001700000000000479
2022-12-01,11.69,11.71,11.58,11.6,11.497505,248700,MUI,BlackRock Municipal Income Fund,다양한 금융서비스,1.6143710715475157,11.695666666666668,-0.002666666666665485
2022-12-02,11.53,11.6,11.5,11.54,11.438035,340400,MUI,BlackRock Municipal Income Fund,다양한 금융서비스,1.1257657342430116,11.690866666666667,-0.002400000000000624
2022-12-05,11.54,11.67,11.5,11.63,11.527241,402200,MUI,BlackRock Municipal Income Fund,다양한 금융서비스,3.5234729605765125,11.687199999999999,-0.0018333333333337976
2022-12-06,11.64,11.68,11.59,11.62,11.517329,228200,MUI,BlackRock Municipal Income Fund,다양한 금융서비스,4.6063930043033885,11.6826,-0.0022999999999990806
2022-12-07,11.58,11.73,11.56,11.61,11.507418,526500,MUI,BlackRock Municipal Income Fund,다양한 금융서비스,4.320892232481577,11.677333333333333,-0.0026333333333337094
2022-12-08,11.57,11.61,11.49,11.49,11.388477,413200,MUI,BlackRock Municipal Income Fund,다양한 금융서비스,2.2852819086836007,11.671733333333334,-0.0027999999999996916
2022-12-09,11.43,11.49,11.37,11.37,11.269538,294000,MUI,BlackRock Municipal Income Fund,다양한 금융서비스,1.6791893281213666,11.665066666666666,-0.0033333333333338544
2022-12-12,11.37,11.45,11.37,11.39,11.289361,666600,MUI,BlackRock Municipal Income Fund,다양한 금융서비스,0.1783222444653898,11.659933333333333,-0.002566666666666606
2022-12-13,11.55,11.57,11.42,11.44,11.33892,651200,MUI,BlackRock Municipal Income Fund,다양한 금융서비스,-0.33654849969002587,11.654,-0.002966666666666562
2022-12-14,11.42,11.45,11.35,11.35,11.249716,364900,MUI,BlackRock Municipal Income Fund,다양한 금융서비스,-0.7230628285266882,11.648666666666667,-0.002666666666666373
2022-12-15,11.32,11.43,11.32,11.33,11.264628,541100,MUI,BlackRock Municipal Income Fund,다양한 금융서비스,1.3962206165924362,11.643266666666667,-0.0026999999999999247
2022-12-16,11.27,11.31,11.24,11.28,11.214917,360100,MUI,BlackRock Municipal Income Fund,다양한 금융서비스,1.844715044000611,11.6396,-0.0018333333333337976
2022-12-19,11.29,11.3,11.25,11.27,11.204974,311500,MUI,BlackRock Municipal Income Fund,다양한 금융서비스,2.429556432899882,11.6362,-0.0016999999999995907
2022-12-20,11.24,11.33,11.21,11.26,11.195032,842100,MUI,BlackRock Municipal Income Fund,다양한 금융서비스,2.0497102794849953,11.633266666666668,-0.0014666666666665051
2022-12-21,11.27,11.31,11.23,11.29,11.224859,658100,MUI,BlackRock Municipal Income Fund,다양한 금융서비스,0.7205030792048817,11.6316,-0.0008333333333334636
2022-12-22,11.25,11.34,11.24,11.27,11.204974,624900,MUI,BlackRock Municipal Income Fund,다양한 금융서비스,1.817797046706282,11.629666666666667,-0.0009666666666667822
2022-12-23,11.24,11.35,11.24,11.27,11.204974,397400,MUI,BlackRock Municipal Income Fund,다양한 금융서비스,1.0584930270533643,11.6272,-0.0012333333333334195
2022-12-27,11.13,11.35,11.13,11.22,11.155264,850200,MUI,BlackRock Municipal Income Fund,다양한 금융서비스,0.9644996388802785,11.6238,-0.001700000000000479
2022-12-28,11.22,11.27,11.2,11.2,11.135379,547000,MUI,BlackRock Municipal Income Fund,다양한 금융서비스,1.928081504187129,11.6196,-0.0020999999999995467
2022-12-29,11.21,11.37,11.21,11.31,11.244744,467700,MUI,BlackRock Municipal Income Fund,다양한 금융서비스,1.0185646418914507,11.614199999999999,-0.002700000000000813
2022-12-30,11.27,11.35,11.27,11.33,11.264628,400400,MUI,BlackRock Municipal Income Fund,다양한 금융서비스,1.271522256143509,11.6072,-0.0034999999999989484
2023-01-03,11.38,11.51,11.29,11.44,11.373994,243400,MUI,BlackRock Municipal Income Fund,다양한 금융서비스,2.389048806694394,11.599866666666667,-0.003666666666666707
2023-01-04,11.46,11.54,11.45,11.47,11.403821,87400,MUI,BlackRock Municipal Income Fund,다양한 금융서비스,1.769969008072314,11.592466666666667,-0.0037000000000002586
2023-01-05,11.4,11.49,11.4,11.4,11.334224,166100,MUI,BlackRock Municipal Income Fund,다양한 금융서비스,2.261467513773807,11.584466666666668,-0.0039999999999995595
2023-01-06,11.4,11.55,11.36,11.55,11.483359,132000,MUI,BlackRock Municipal Income Fund,다양한 금융서비스,1.2691353436200759,11.576533333333334,-0.003966666666666896
2023-01-09,11.59,11.72,11.55,11.68,11.61261,135000,MUI,BlackRock Municipal Income Fund,다양한 금융서비스,2.3094160969860056,11.569466666666667,-0.0035333333333333883
2023-01-10,11.64,11.69,11.58,11.6,11.533072,145100,MUI,BlackRock Municipal Income Fund,다양한 금융서비스,0.7845456301840859,11.562533333333333,-0.003466666666667173
2023-01-11,11.67,11.7,11.61,11.64,11.57284,147800,MUI,BlackRock Municipal Income Fund,다양한 금융서비스,-0.2834211073056703,11.556266666666668,-0.003133333333332544
2023-01-12,11.65,11.77,11.64,11.74,11.706457,107900,MUI,BlackRock Municipal Income Fund,다양한 금융서비스,0.058387756519562295,11.550666666666668,-0.0027999999999996916
2023-01-13,11.71,11.8,11.66,11.68,11.646628,133300,MUI,BlackRock Municipal Income Fund,다양한 금융서비스,-0.9834640679224016,11.546133333333332,-0.0022666666666681934
2023-01-17,11.65,11.9,11.65,11.84,11.806171,267200,MUI,BlackRock Municipal Income Fund,다양한 금융서비스,0.47768123289155806,11.543866666666668,-0.0011333333333318762
2023-01-18,11.88,11.94,11.83,11.84,11.806171,247600,MUI,BlackRock Municipal Income Fund,다양한 금융서비스,1.918491978201331,11.543533333333333,-0.00016666666666775853
2023-01-19,11.82,11.86,11.81,11.81,11.776258,207200,MUI,BlackRock Municipal Income Fund,다양한 금융서비스,2.3094852183184633,11.544333333333332,0.00039999999999995595
2023-01-20,11.79,12.07,11.79,12.07,12.035514,223600,MUI,BlackRock Municipal Income Fund,다양한 금융서비스,2.4614019855705216,11.547333333333334,0.001500000000000945
2023-01-23,12.02,12.07,11.99,12.01,11.975686,103900,MUI,BlackRock Municipal Income Fund,다양한 금융서비스,0.6247587475719074,11.550533333333334,0.0015999999999998238
2023-01-24,12.03,12.12,11.92,11.97,11.935801,129300,MUI,BlackRock Municipal Income Fund,다양한 금융서비스,0.3078955257490801,11.553266666666667,0.0013666666666667382
2023-01-25,11.86,11.94,11.85,11.88,11.846057,189900,MUI,BlackRock Municipal Income Fund,다양한 금융서비스,-0.47307919037513635,11.555866666666667,0.0012999999999996348
2023-01-26,11.85,11.94,11.83,11.88,11.846057,135800,MUI,BlackRock Municipal Income Fund,다양한 금융서비스,-1.5496409210989825,11.557266666666667,0.000700000000000145
2023-01-27,11.84,12.08,11.81,12.04,12.0056,184700,MUI,BlackRock Municipal Income Fund,다양한 금융서비스,-0.46763394957344273,11.559466666666667,0.001100000000000101
2023-01-30,11.96,12.03,11.89,11.97,11.935801,207700,MUI,BlackRock Municipal Income Fund,다양한 금융서비스,0.184655799716138,11.560266666666667,0.00039999999999995595
2023-01-31,11.98,12.04,11.96,12.01,11.975686,162000,MUI,BlackRock Municipal Income Fund,다양한 금융서비스,-0.9231370397018934,11.562133333333334,0.0009333333333332305
2023-02-01,12.0,12.12,11.98,12.11,12.075399,180400,MUI,BlackRock Municipal Income Fund,다양한 금융서비스,-1.0456648457864093,11.564333333333334,0.001100000000000101
2023-02-02,12.08,12.15,12.05,12.1,12.065429,175400,MUI,BlackRock Municipal Income Fund,다양한 금융서비스,-2.424998202583095,11.565333333333333,0.0004999999999997229
2023-02-03,12.0,12.01,11.92,11.95,11.915857,147400,MUI,BlackRock Municipal Income Fund,다양한 금융서비스,-2.454237970607309,11.5656,0.00013333333333331865
2023-02-06,11.92,11.94,11.81,11.81,11.776258,164400,MUI,BlackRock Municipal Income Fund,다양한 금융서비스,-2.8496126668066224,11.564333333333334,-0.0006333333333330415
2023-02-07,11.83,11.92,11.8,11.87,11.836085,175400,MUI,BlackRock Municipal Income Fund,다양한 금융서비스,-3.351312585868227,11.562933333333334,-0.000700000000000145
2023-02-08,11.88,11.94,11.86,11.86,11.826114,171100,MUI,BlackRock Municipal Income Fund,다양한 금융서비스,-2.218743144988622,11.561133333333332,-0.000900000000000567
2023-02-09,11.88,11.98,11.87,11.88,11.846057,128800,MUI,BlackRock Municipal Income Fund,다양한 금융서비스,-1.1450833244807668,11.5596,-0.0007666666666663602
2023-02-10,11.92,11.92,11.85,11.87,11.836085,113100,MUI,BlackRock Municipal Income Fund,다양한 금융서비스,-1.3683961850898707,11.557533333333332,-0.0010333333333338857
2023-02-13,11.86,11.93,11.84,11.9,11.865999,98200,MUI,BlackRock Municipal Income Fund,다양한 금융서비스,-2.164553522681234,11.554866666666667,-0.0013333333333322983
2023-02-14,11.83,11.83,11.76,11.79,11.79,174300,MUI,BlackRock Municipal Income Fund,다양한 금융서비스,-2.849722401682231,11.550799999999999,-0.0020333333333342196
2023-02-15,11.76,11.8,11.74,11.75,11.75,109000,MUI,BlackRock Municipal Income Fund,다양한 금융서비스,-3.148959421087272,11.546999999999999,-0.0019000000000000128
2023-02-16,11.7,11.71,11.54,11.55,11.55,106900,MUI,BlackRock Municipal Income Fund,다양한 금융서비스,-3.1262513208850873,11.542666666666666,-0.00216666666666665
2023-02-17,11.49,11.52,11.44,11.44,11.44,61700,MUI,BlackRock Municipal Income Fund,다양한 금융서비스,-3.3952162771355043,11.5378,-0.002433333333332399
2023-02-21,11.4,11.42,11.35,11.35,11.35,111900,MUI,BlackRock Municipal Income Fund,다양한 금융서비스,-1.9446135316144142,11.5328,-0.002500000000000391
2023-02-22,11.33,11.42,11.33,11.37,11.37,78700,MUI,BlackRock Municipal Income Fund,다양한 금융서비스,-1.3939756508470236,11.527533333333333,-0.0026333333333337094
2023-02-23,11.37,11.41,11.34,11.37,11.37,129000,MUI,BlackRock Municipal Income Fund,다양한 금융서비스,-1.7053701940064836,11.522200000000002,-0.002666666666665485
2023-02-24,11.31,11.33,11.28,11.29,11.29,124700,MUI,BlackRock Municipal Income Fund,다양한 금융서비스,-1.2170442398535264,11.516533333333333,-0.0028333333333341315
2023-02-27,11.35,11.39,11.31,11.38,11.38,151300,MUI,BlackRock Municipal Income Fund,다양한 금융서비스,-0.5616831591328864,11.5112,-0.002666666666666373
2023-02-28,11.33,11.39,11.28,11.3,11.3,158200,MUI,BlackRock Municipal Income Fund,다양한 금융서비스,-0.7302858769331122,11.5052,-0.0030000000000001137
2023-03-01,11.3,11.39,11.28,11.34,11.34,95700,MUI,BlackRock Municipal Income Fund,다양한 금융서비스,0.2272784639143266,11.499866666666668,-0.002666666666666373
2023-03-02,11.19,11.29,11.19,11.25,11.25,146200,MUI,BlackRock Municipal Income Fund,다양한 금융서비스,-1.1192142371895253,11.493333333333334,-0.003266666666666751
